0	0	1295.24
0	1	1231
0	2	1118.47
0	3	1003.48
0	4	900.035
0	5	811.312
0	6	736.72
0	7	674.508
0	8	622.725
0	9	579.568
0	10	543.486
0	11	513.189
0	12	487.616
0	13	465.908
0	14	447.373
0	15	431.451
0	16	417.699
0	17	405.757
0	18	395.34
0	19	386.216
0	20	378.199
0	21	371.135
0	22	364.897
0	23	359.378
0	24	354.488
0	25	350.15
0	26	346.299
0	27	342.877
0	28	339.833
0	29	337.124
0	30	334.712
0	31	332.563
0	32	330.648
0	33	328.941
0	34	327.418
0	35	326.059
0	36	324.846
0	37	323.763
0	38	322.795
0	39	321.931
0	40	321.159
0	41	320.469
0	42	319.852
0	43	319.301
0	44	318.808
0	45	318.367
0	46	317.972
0	47	317.62
0	48	317.304
0	49	317.022
0	50	316.769
1	0	2366.77
1	1	2219.46
1	2	1914.5
1	3	1620.21
1	4	1372.96
1	5	1174.25
1	6	1016.87
1	7	892.562
1	8	794.103
1	9	715.706
1	10	652.862
1	11	602.097
1	12	560.74
1	13	526.735
1	14	498.499
1	15	474.821
1	16	454.772
1	17	437.645
1	18	422.902
1	19	410.13
1	20	399.009
1	21	389.287
1	22	380.761
1	23	373.266
1	24	366.665
1	25	360.842
1	26	355.7
1	27	351.152
1	28	347.128
1	29	343.562
1	30	340.4
1	31	337.594
1	32	335.102
1	33	332.888
1	34	330.919
1	35	329.167
1	36	327.607
1	37	326.218
1	38	324.98
1	39	323.876
1	40	322.891
1	41	322.013
1	42	321.229
1	43	320.529
1	44	319.903
1	45	319.345
1	46	318.846
1	47	318.4
1	48	318.001
1	49	317.644
1	50	317.326
2	0	6678.22
2	1	5609.64
2	2	4211.92
2	3	3146.76
2	4	2396.45
2	5	1871.82
2	6	1500.81
2	7	1234.26
2	8	1039.73
2	9	895.741
2	10	787.832
2	11	706.015
2	12	643.213
2	13	594.288
2	14	555.456
2	15	523.945
2	16	497.774
2	17	475.575
2	18	456.435
2	19	439.752
2	20	425.117
2	21	412.238
2	22	400.892
2	23	390.893
2	24	382.082
2	25	374.321
2	26	367.483
2	27	361.458
2	28	356.147
2	29	351.463
2	30	347.33
2	31	343.679
2	32	340.452
2	33	337.598
2	34	335.07
2	35	332.83
2	36	330.844
2	37	329.081
2	38	327.515
2	39	326.123
2	40	324.885
2	41	323.783
2	42	322.801
2	43	321.927
2	44	321.148
2	45	320.453
2	46	319.833
2	47	319.279
2	48	318.785
2	49	318.344
2	50	317.95
3	0	54052.4
3	1	19265.2
3	2	9803.69
3	3	5768.82
3	4	3716.55
3	5	2554.56
3	6	1847.55
3	7	1395.31
3	8	1095.77
3	9	892.737
3	10	753.324
3	11	657.348
3	12	591.848
3	13	548.078
3	14	519.698
3	15	501.655
3	16	489.598
3	17	479.871
3	18	469.987
3	19	458.943
3	20	446.882
3	21	434.417
3	22	422.164
3	23	410.555
3	24	399.838
3	25	390.118
3	26	381.404
3	27	373.654
3	28	366.794
3	29	360.742
3	30	355.41
3	31	350.717
3	32	346.587
3	33	342.951
3	34	339.747
3	35	336.922
3	36	334.43
3	37	332.228
3	38	330.281
3	39	328.557
3	40	327.03
3	41	325.677
3	42	324.475
3	43	323.408
3	44	322.459
3	45	321.616
3	46	320.865
3	47	320.196
3	48	319.6
3	49	319.069
3	50	318.595
4	0	491.852
4	1	246.672
4	2	12617.5
4	3	6447.56
4	4	3729.93
4	5	2335.94
4	6	1555.75
4	7	1094.55
4	8	812.003
4	9	634.904
4	10	522.634
4	11	451.638
4	12	407.815
4	13	382.515
4	14	370.314
4	15	367.69
4	16	372.186
4	17	381.793
4	18	394.468
4	19	407.771
4	20	418.865
4	21	425.172
4	22	425.605
4	23	421.062
4	24	413.434
4	25	404.427
4	26	395.167
4	27	386.28
4	28	378.072
4	29	370.657
4	30	364.046
4	31	358.199
4	32	353.051
4	33	348.529
4	34	344.562
4	35	341.082
4	36	338.027
4	37	335.345
4	38	332.986
4	39	330.91
4	40	329.081
4	41	327.467
4	42	326.041
4	43	324.781
4	44	323.665
4	45	322.676
4	46	321.798
4	47	321.019
4	48	320.327
4	49	319.712
4	50	319.165
5	0	91.0511
5	1	32192.6
5	2	12024.7
5	3	5775.62
5	4	3126.19
5	5	1839.6
5	6	1164.74
5	7	792.217
5	8	579.102
5	9	454.304
5	10	380.502
5	11	337.254
5	12	312.97
5	13	300.901
5	14	297.037
5	15	298.97
5	16	305.237
5	17	314.917
5	18	327.359
5	19	341.944
5	20	357.867
5	21	373.936
5	22	388.466
5	23	399.465
5	24	405.291
5	25	405.568
5	26	401.443
5	27	394.726
5	28	386.948
5	29	379.078
5	30	371.628
5	31	364.829
5	32	358.749
5	33	353.377
5	34	348.663
5	35	344.541
5	36	340.941
5	37	337.801
5	38	335.058
5	39	332.661
5	40	330.564
5	41	328.726
5	42	327.113
5	43	325.696
5	44	324.448
5	45	323.348
5	46	322.377
5	47	321.519
5	48	320.76
5	49	320.088
5	50	319.492
6	0	342788
6	1	2736.28
6	2	4.56038
6	3	5247.78
6	4	2685.86
6	5	1516.6
6	6	937.582
6	7	634.132
6	8	468.88
6	9	376.94
6	10	325.696
6	11	297.911
6	12	284.101
6	13	278.88
6	14	279.121
6	15	282.99
6	16	289.407
6	17	297.743
6	18	307.629
6	19	318.825
6	20	331.104
6	21	344.148
6	22	357.43
6	23	370.119
6	24	381.064
6	25	388.96
6	26	392.766
6	27	392.264
6	28	388.268
6	29	382.157
6	30	375.191
6	31	368.21
6	32	361.664
6	33	355.747
6	34	350.508
6	35	345.926
6	36	341.944
6	37	338.493
6	38	335.507
6	39	332.923
6	40	330.684
6	41	328.741
6	42	327.053
6	43	325.582
6	44	324.298
6	45	323.176
6	46	322.193
6	47	321.33
6	48	320.571
6	49	319.903
6	50	319.314
7	0	514.791
7	1	37404.3
7	2	12206.1
7	3	5166.78
7	4	2532.11
7	5	1390.12
7	6	846.755
7	7	571.739
7	8	427.142
7	9	349.908
7	10	309.123
7	11	288.779
7	12	280.216
7	13	278.595
7	14	281.144
7	15	286.253
7	16	292.983
7	17	300.787
7	18	309.353
7	19	318.495
7	20	328.077
7	21	337.955
7	22	347.913
7	23	357.605
7	24	366.512
7	25	373.942
7	26	379.114
7	27	381.378
7	28	380.506
7	29	376.9
7	30	371.467
7	31	365.216
7	32	358.918
7	33	353.025
7	34	347.742
7	35	343.121
7	36	339.137
7	37	335.729
7	38	332.825
7	39	330.352
7	40	328.247
7	41	326.451
7	42	324.916
7	43	323.601
7	44	322.472
7	45	321.498
7	46	320.657
7	47	319.929
7	48	319.296
7	49	318.745
7	50	318.264
8	0	24347.2
8	1	4897.85
8	2	13989.2
8	3	5653.58
8	4	2681.69
8	5	1433.56
8	6	853.545
8	7	566.194
8	8	418.594
8	9	342.051
8	10	303.333
8	11	285.422
8	12	279.203
8	13	279.624
8	14	283.816
8	15	290.117
8	16	297.558
8	17	305.568
8	18	313.811
8	19	322.077
8	20	330.218
8	21	338.104
8	22	345.575
8	23	352.42
8	24	358.354
8	25	363.021
8	26	366.029
8	27	367.037
8	28	365.888
8	29	362.736
8	30	358.083
8	31	352.637
8	32	347.072
8	33	341.856
8	34	337.234
8	35	333.28
8	36	329.973
8	37	327.242
8	38	325.006
8	39	323.183
8	40	321.698
8	41	320.489
8	42	319.503
8	43	318.697
8	44	318.037
8	45	317.495
8	46	317.048
8	47	316.677
8	48	316.37
8	49	316.113
8	50	315.899
9	0	19372.9
9	1	60890.9
9	2	17778
9	3	7041.83
9	4	3283.58
9	5	1715.11
9	6	987.344
9	7	626.772
9	8	441.508
9	9	345.433
9	10	296.842
9	11	274.321
9	12	266.365
9	13	266.572
9	14	271.282
9	15	278.359
9	16	286.536
9	17	295.054
9	18	303.446
9	19	311.418
9	20	318.765
9	21	325.332
9	22	330.973
9	23	335.544
9	24	338.893
9	25	340.877
9	26	341.384
9	27	340.385
9	28	337.984
9	29	334.462
9	30	330.261
9	31	325.89
9	32	321.796
9	33	318.269
9	34	315.429
9	35	313.269
9	36	311.712
9	37	310.655
9	38	309.993
9	39	309.632
9	40	309.494
9	41	309.516
9	42	309.65
9	43	309.859
9	44	310.115
9	45	310.397
9	46	310.691
9	47	310.986
9	48	311.275
9	49	311.554
9	50	311.818
10	0	1462120
10	1	90892.7
10	2	25524.5
10	3	10143.9
10	4	4771.24
10	5	2492.99
10	6	1409.8
10	7	856.491
10	8	561.215
10	9	400.239
10	10	312.583
10	11	266.318
10	12	243.915
10	13	235.389
10	14	234.877
10	15	238.857
10	16	245.176
10	17	252.494
10	18	259.969
10	19	267.067
10	20	273.442
10	21	278.874
10	22	283.222
10	23	286.406
10	24	288.4
10	25	289.234
10	26	289.011
10	27	287.912
10	28	286.21
10	29	284.248
10	30	282.397
10	31	280.974
10	32	280.188
10	33	280.107
10	34	280.687
10	35	281.815
10	36	283.352
10	37	285.162
10	38	287.13
10	39	289.161
10	40	291.186
10	41	293.156
10	42	295.039
10	43	296.813
10	44	298.469
10	45	300.001
10	46	301.411
10	47	302.702
10	48	303.879
10	49	304.949
10	50	305.919
11	0	495.699
11	1	142261
11	2	11.1092
11	3	16477.4
11	4	7958.19
11	5	4272.84
11	6	2465.58
11	7	1503.75
11	8	962.813
11	9	647.167
11	10	458.725
11	11	345.027
11	12	276.556
11	13	236.015
11	14	212.933
11	15	200.802
11	16	195.491
11	17	194.334
11	18	195.594
11	19	198.131
11	20	201.201
11	21	204.331
11	22	207.233
11	23	209.762
11	24	211.878
11	25	213.631
11	26	215.146
11	27	216.606
11	28	218.231
11	29	220.24
11	30	222.81
11	31	226.038
11	32	229.923
11	33	234.379
11	34	239.264
11	35	244.411
11	36	249.66
11	37	254.873
11	38	259.941
11	39	264.786
11	40	269.355
11	41	273.618
11	42	277.563
11	43	281.188
11	44	284.503
11	45	287.52
11	46	290.258
11	47	292.736
11	48	294.974
11	49	296.991
11	50	298.808
12	0	1808180
12	1	144975
12	2	47603.5
12	3	22143.7
12	4	11871.2
12	5	6870.79
12	6	4204.11
12	7	2692.81
12	8	1793.08
12	9	1235.88
12	10	879.94
12	11	646.991
12	12	491.675
12	13	386.664
12	14	314.951
12	15	265.661
12	16	231.676
12	17	208.248
12	18	192.166
12	19	181.23
12	20	173.929
12	21	169.222
12	22	166.404
12	23	165.005
12	24	164.732
12	25	165.42
12	26	166.991
12	27	169.429
12	28	172.739
12	29	176.927
12	30	181.967
12	31	187.788
12	32	194.271
12	33	201.263
12	34	208.587
12	35	216.067
12	36	223.54
12	37	230.868
12	38	237.94
12	39	244.676
12	40	251.021
12	41	256.944
12	42	262.432
12	43	267.485
12	44	272.113
12	45	276.336
12	46	280.175
12	47	283.655
12	48	286.804
12	49	289.646
12	50	292.209
13	0	1734400
13	1	142366
13	2	45600.4
13	3	21209.5
13	4	12025.8
13	5	7508.16
13	6	4984.14
13	7	3454.23
13	8	2474.9
13	9	1823.3
13	10	1376.95
13	11	1064.04
13	12	840.417
13	13	677.957
13	14	558.235
13	15	468.889
13	16	401.46
13	17	350.064
13	18	310.548
13	19	279.944
13	20	256.114
13	21	237.508
13	22	223
13	23	211.771
13	24	203.23
13	25	196.955
13	26	192.644
13	27	190.08
13	28	189.099
13	29	189.566
13	30	191.347
13	31	194.302
13	32	198.274
13	33	203.089
13	34	208.566
13	35	214.519
13	36	220.772
13	37	227.168
13	38	233.567
13	39	239.855
13	40	245.944
13	41	251.766
13	42	257.276
13	43	262.445
13	44	267.259
13	45	271.715
13	46	275.817
13	47	279.579
13	48	283.014
13	49	286.143
13	50	288.984
14	0	1489930
14	1	138147
14	2	46444.9
14	3	21636
14	4	12420.2
14	5	7944.06
14	6	5438.77
14	7	3907.5
14	8	2911.84
14	9	2234.6
14	10	1757.97
14	11	1413.42
14	12	1158.87
14	13	967.325
14	14	820.903
14	15	707.404
14	16	618.317
14	17	547.592
14	18	490.853
14	19	444.896
14	20	407.343
14	21	376.419
14	22	350.783
14	23	329.423
14	24	311.572
14	25	296.651
14	26	284.225
14	27	273.967
14	28	265.633
14	29	259.036
14	30	254.028
14	31	250.479
14	32	248.267
14	33	247.261
14	34	247.326
14	35	248.312
14	36	250.068
14	37	252.44
14	38	255.281
14	39	258.454
14	40	261.839
14	41	265.332
14	42	268.845
14	43	272.312
14	44	275.68
14	45	278.908
14	46	281.972
14	47	284.854
14	48	287.545
14	49	290.043
14	50	292.349
15	0	1036090
15	1	124201
15	2	47978.2
15	3	23993.6
15	4	14126.9
15	5	9162.1
15	6	6355.23
15	7	4632.32
15	8	3508.13
15	9	2739.7
15	10	2195.13
15	11	1797.93
15	12	1501.31
15	13	1275.4
15	14	1100.4
15	15	962.83
15	16	853.242
15	17	764.892
15	18	692.87
15	19	633.546
15	20	584.199
15	21	542.764
15	22	507.658
15	23	477.658
15	24	451.815
15	25	429.389
15	26	409.804
15	27	392.614
15	28	377.477
15	29	364.134
15	30	352.393
15	31	342.11
15	32	333.179
15	33	325.515
15	34	319.04
15	35	313.68
15	36	309.351
15	37	305.963
15	38	303.413
15	39	301.597
15	40	300.405
15	41	299.733
15	42	299.484
15	43	299.568
15	44	299.906
15	45	300.433
15	46	301.092
15	47	301.837
15	48	302.633
15	49	303.45
15	50	304.266
16	0	647722
16	1	106329
16	2	48600.8
16	3	26869.8
16	4	16548.1
16	5	10983.3
16	6	7711.33
16	7	5658.42
16	8	4303.22
16	9	3371.41
16	10	2709.12
16	11	2225.31
16	12	1863.67
16	13	1588.04
16	14	1374.4
16	15	1206.36
16	16	1072.47
16	17	964.542
16	18	876.606
16	19	804.254
16	20	744.171
16	21	693.827
16	22	651.272
16	23	614.98
16	24	583.743
16	25	556.6
16	26	532.773
16	27	511.634
16	28	492.673
16	29	475.482
16	30	459.741
16	31	445.206
16	32	431.707
16	33	419.136
16	34	407.438
16	35	396.594
16	36	386.613
16	37	377.505
16	38	369.277
16	39	361.921
16	40	355.408
16	41	349.694
16	42	344.72
16	43	340.42
16	44	336.721
16	45	333.554
16	46	330.849
16	47	328.544
16	48	326.583
16	49	324.914
16	50	323.493
17	0	366322
17	1	79194.1
17	2	39820.1
17	3	23406.3
17	4	15021.8
17	5	10243.5
17	6	7313.83
17	7	5418
17	8	4138.49
17	9	3245.17
17	10	2603.8
17	11	2132.44
17	12	1779.07
17	13	1509.62
17	14	1301.12
17	15	1137.72
17	16	1008.22
17	17	904.595
17	18	820.983
17	19	753.038
17	20	697.5
17	21	651.894
17	22	614.322
17	23	583.312
17	24	557.712
17	25	536.606
17	26	519.258
17	27	505.057
17	28	493.483
17	29	484.069
17	30	476.372
17	31	469.949
17	32	464.344
17	33	459.085
17	34	453.706
17	35	447.791
17	36	441.054
17	37	433.402
17	38	424.966
17	39	416.039
17	40	406.975
17	41	398.09
17	42	389.623
17	43	381.724
17	44	374.47
17	45	367.884
17	46	361.957
17	47	356.653
17	48	351.927
17	49	347.729
17	50	344.006
18	0	194427
18	1	49588.6
18	2	25910.4
18	3	15646.9
18	4	10280.3
18	5	7149.15
18	6	5182.74
18	7	3881.15
18	8	2985.22
18	9	2349.64
18	10	1887.85
18	11	1545.72
18	12	1288.14
18	13	1091.57
18	14	939.804
18	15	821.485
18	16	728.469
18	17	654.839
18	18	596.235
18	19	549.411
18	20	511.923
18	21	481.919
18	22	457.986
18	23	439.041
18	24	424.251
18	25	412.969
18	26	404.694
18	27	399.029
18	28	395.651
18	29	394.281
18	30	394.657
18	31	396.51
18	32	399.543
18	33	403.411
18	34	407.718
18	35	412.024
18	36	415.862
18	37	418.766
18	38	420.306
18	39	420.124
18	40	417.986
18	41	413.87
18	42	408.056
18	43	401.109
18	44	393.665
18	45	386.224
18	46	379.099
18	47	372.453
18	48	366.358
18	49	360.827
18	50	355.845
19	0	73566.7
19	1	32831.8
19	2	18067
19	3	11334.6
19	4	7656.78
19	5	5427.04
19	6	3983.35
19	7	3006.15
19	8	2323.38
19	9	1834.88
19	10	1478.93
19	11	1215.77
19	12	1018.92
19	13	870.258
19	14	757.123
19	15	670.492
19	16	603.842
19	17	552.4
19	18	512.631
19	19	481.894
19	20	458.199
19	21	440.037
19	22	426.255
19	23	415.965
19	24	408.48
19	25	403.26
19	26	399.877
19	27	397.984
19	28	397.292
19	29	397.551
19	30	398.536
19	31	400.035
19	32	401.842
19	33	403.753
19	34	405.561
19	35	407.067
19	36	408.075
19	37	408.408
19	38	407.911
19	39	406.464
19	40	403.991
19	41	400.476
19	42	395.983
19	43	390.676
19	44	384.813
19	45	378.707
19	46	372.647
19	47	366.847
19	48	361.432
19	49	356.462
19	50	351.954
20	0	63338.1
20	1	27911.3
20	2	15934.5
20	3	10169.6
20	4	6913.81
20	5	4902.57
20	6	3588.47
20	7	2696.7
20	8	2074.91
20	9	1632.53
20	10	1312.91
20	11	1079.19
20	12	906.676
20	13	778.405
20	14	682.496
20	15	610.491
20	16	556.284
20	17	515.416
20	18	484.599
20	19	461.386
20	20	443.944
20	21	430.886
20	22	421.162
20	23	413.968
20	24	408.685
20	25	404.836
20	26	402.045
20	27	400.018
20	28	398.519
20	29	397.359
20	30	396.381
20	31	395.456
20	32	394.475
20	33	393.345
20	34	391.99
20	35	390.346
20	36	388.365
20	37	386.012
20	38	383.27
20	39	380.141
20	40	376.645
20	41	372.828
20	42	368.755
20	43	364.517
20	44	360.217
20	45	355.965
20	46	351.861
20	47	347.985
20	48	344.389
20	49	341.101
20	50	338.127
21	0	51246.1
21	1	25396.7
21	2	15507.2
21	3	10211.4
21	4	7036.88
21	5	5011.97
21	6	3666.48
21	7	2745.88
21	8	2101.95
21	9	1643.78
21	10	1313.38
21	11	1072.56
21	12	895.544
21	13	764.573
21	14	667.185
21	15	594.509
21	16	540.15
21	17	499.445
21	18	468.964
21	19	446.162
21	20	429.139
21	21	416.464
21	22	407.055
21	23	400.089
21	24	394.938
21	25	391.118
21	26	388.255
21	27	386.06
21	28	384.305
21	29	382.812
21	30	381.44
21	31	380.078
21	32	378.639
21	33	377.058
21	34	375.285
21	35	373.292
21	36	371.061
21	37	368.592
21	38	365.9
21	39	363.009
21	40	359.958
21	41	356.792
21	42	353.563
21	43	350.324
21	44	347.131
21	45	344.035
21	46	341.08
21	47	338.301
21	48	335.724
21	49	333.361
21	50	331.218
22	0	82355.6
22	1	37791.4
22	2	21614.8
22	3	13549
22	4	8975.92
22	5	6185.1
22	6	4396.62
22	7	3209.44
22	8	2400.18
22	9	1837.07
22	10	1438.81
22	11	1153.51
22	12	947.052
22	13	796.476
22	14	686.022
22	15	604.685
22	16	544.666
22	17	500.37
22	18	467.739
22	19	443.804
22	20	426.372
22	21	413.813
22	22	404.91
22	23	398.745
22	24	394.623
22	25	392.015
22	26	390.51
22	27	389.792
22	28	389.606
22	29	389.744
22	30	390.029
22	31	390.308
22	32	390.437
22	33	390.284
22	34	389.729
22	35	388.668
22	36	387.024
22	37	384.763
22	38	381.899
22	39	378.498
22	40	374.667
22	41	370.538
22	42	366.247
22	43	361.921
22	44	357.667
22	45	353.567
22	46	349.683
22	47	346.055
22	48	342.704
22	49	339.641
22	50	336.862
23	0	1150.1
23	1	6986.21
23	2	25383.8
23	3	15102.6
23	4	9561.23
23	5	6327.36
23	6	4334.84
23	7	3057.78
23	8	2214.65
23	9	1645.26
23	10	1254.02
23	11	981.66
23	12	790.274
23	13	654.97
23	14	559.044
23	15	491.072
23	16	443.123
23	17	409.612
23	18	386.563
23	19	371.122
23	20	361.219
23	21	355.348
23	22	352.405
23	23	351.58
23	24	352.277
23	25	354.054
23	26	356.585
23	27	359.627
23	28	362.996
23	29	366.55
23	30	370.172
23	31	373.759
23	32	377.21
23	33	380.416
23	34	383.246
23	35	385.54
23	36	387.089
23	37	387.625
23	38	386.804
23	39	384.272
23	40	379.947
23	41	374.312
23	42	368.101
23	43	361.879
23	44	355.974
23	45	350.554
23	46	345.685
23	47	341.376
23	48	337.606
23	49	334.334
23	50	331.513
24	0	114769
24	1	4.46983
24	2	24990.4
24	3	14656.4
24	4	9180.37
24	5	6026.24
24	6	4103.29
24	7	2881.68
24	8	2081.32
24	9	1544.52
24	10	1177.99
24	11	924.366
24	12	747.17
24	13	622.602
24	14	534.77
24	15	472.857
24	16	429.384
24	17	399.105
24	18	378.298
24	19	364.295
24	20	355.168
24	21	349.514
24	22	346.302
24	23	344.774
24	24	344.369
24	25	344.664
24	26	345.343
24	27	346.164
24	28	346.935
24	29	347.501
24	30	347.729
24	31	347.492
24	32	346.659
24	33	345.073
24	34	342.523
24	35	338.7
24	36	333.14
24	37	325.508
24	38	316.557
24	39	307.741
24	40	299.992
24	41	293.672
24	42	288.838
24	43	285.396
24	44	283.186
24	45	282.024
24	46	281.723
24	47	282.107
24	48	283.016
24	49	284.31
24	50	285.87
25	0	125418
25	1	53115.2
25	2	28708.3
25	3	17229.1
25	4	11036.9
25	5	7406.3
25	6	5151.46
25	7	3690.28
25	8	2711.88
25	9	2039.49
25	10	1567.56
25	11	1230.52
25	12	986.299
25	13	807.146
25	14	674.336
25	15	574.978
25	16	500.043
25	17	443.112
25	18	399.561
25	19	366.02
25	20	340.007
25	21	319.675
25	22	303.641
25	23	290.859
25	24	280.529
25	25	272.038
25	26	264.907
25	27	258.76
25	28	253.292
25	29	248.25
25	30	243.412
25	31	238.57
25	32	233.509
25	33	227.996
25	34	221.798
25	35	214.843
25	36	207.576
25	37	200.955
25	38	195.845
25	39	192.683
25	40	191.55
25	41	192.316
25	42	194.742
25	43	198.548
25	44	203.444
25	45	209.149
25	46	215.408
25	47	221.994
25	48	228.711
25	49	235.4
25	50	241.934
26	0	131663
26	1	57763.7
26	2	32608.9
26	3	20431.2
26	4	13664.2
26	5	9576.96
26	6	6961.33
26	7	5213.43
26	8	4005.06
26	9	3146.34
26	10	2521.92
26	11	2058.92
26	12	1709.74
26	13	1442.44
26	14	1235.07
26	15	1072.23
26	16	942.932
26	17	839.185
26	18	755.113
26	19	686.332
26	20	629.531
26	21	582.183
26	22	542.339
26	23	508.482
26	24	479.422
26	25	454.218
26	26	432.127
26	27	412.559
26	28	395.055
26	29	379.267
26	30	364.943
26	31	351.918
26	32	340.102
26	33	329.459
26	34	319.986
26	35	311.687
26	36	304.55
26	37	298.54
26	38	293.59
26	39	289.616
26	40	286.518
26	41	284.199
26	42	282.564
26	43	281.535
26	44	281.044
26	45	281.037
26	46	281.462
26	47	282.265
26	48	283.386
26	49	284.76
26	50	286.32
27	0	111874
27	1	48377.4
27	2	27573.8
27	3	17514.5
27	4	11893.5
27	5	8471.55
27	6	6262.02
27	7	4771.52
27	8	3731.08
27	9	2984.38
27	10	2436
27	11	2025.31
27	12	1712.5
27	13	1470.71
27	14	1281.35
27	15	1131.34
27	16	1011.25
27	17	914.221
27	18	835.153
27	19	770.232
27	20	716.561
27	21	671.918
27	22	634.583
27	23	603.208
27	24	576.734
27	25	554.315
27	26	535.276
27	27	519.07
27	28	505.249
27	29	493.445
27	30	483.35
27	31	474.698
27	32	467.258
27	33	460.821
27	34	455.187
27	35	450.157
27	36	445.518
27	37	441.029
27	38	436.397
27	39	431.241
27	40	425.09
27	41	417.663
27	42	409.376
27	43	400.923
27	44	392.759
27	45	385.107
27	46	378.055
27	47	371.622
27	48	365.789
27	49	360.521
27	50	355.774
28	0	1639.97
28	1	36454.4
28	2	20584.1
28	3	12868.5
28	4	8574.41
28	5	5983.9
28	6	4331.72
28	7	3233.5
28	8	2479.56
28	9	1948.35
28	10	1565.95
28	11	1285.66
28	12	1077.04
28	13	919.687
28	14	799.639
28	15	707.136
28	16	635.242
28	17	578.958
28	18	534.626
28	19	499.544
28	20	471.694
28	21	449.554
28	22	431.966
28	23	418.047
28	24	407.113
28	25	398.636
28	26	392.204
28	27	387.494
28	28	384.248
28	29	382.264
28	30	381.373
28	31	381.435
28	32	382.329
28	33	383.942
28	34	386.165
28	35	388.882
28	36	391.969
28	37	395.289
28	38	398.687
28	39	401.994
28	40	405.03
28	41	407.611
28	42	409.556
28	43	410.691
28	44	410.853
28	45	409.877
28	46	407.563
28	47	403.572
28	48	397.462
28	49	390.283
28	50	383.194
29	0	59847.5
29	1	25220.1
29	2	13888.6
29	3	8432.32
29	4	5439.32
29	5	3668.52
29	6	2566.32
29	7	1854.84
29	8	1382.96
29	9	1063.55
29	10	844.037
29	11	691.509
29	12	584.763
29	13	509.792
29	14	457.149
29	15	420.354
29	16	394.897
29	17	377.596
29	18	366.189
29	19	359.049
29	20	355
29	21	353.187
29	22	352.987
29	23	353.944
29	24	355.724
29	25	358.08
29	26	360.834
29	27	363.852
29	28	367.036
29	29	370.31
29	30	373.617
29	31	376.908
29	32	380.139
29	33	383.27
29	34	386.255
29	35	389.046
29	36	391.589
29	37	393.82
29	38	395.67
29	39	397.062
29	40	397.915
29	41	398.145
29	42	397.672
29	43	396.423
29	44	394.339
29	45	391.382
29	46	387.527
29	47	382.743
29	48	376.951
29	49	370.424
29	50	364.035
30	0	44347.9
30	1	19586.3
30	2	10936.2
30	3	6672.16
30	4	4307.01
30	5	2901.54
30	6	2026.98
30	7	1464.69
30	8	1094.51
30	9	846.625
30	10	678.711
30	11	564.205
30	12	485.966
30	13	432.676
30	14	396.712
30	15	372.86
30	16	357.505
30	17	348.108
30	18	342.876
30	19	340.526
30	20	340.142
30	21	341.061
30	22	342.805
30	23	345.026
30	24	347.474
30	25	349.963
30	26	352.361
30	27	354.565
30	28	356.501
30	29	358.11
30	30	359.342
30	31	360.152
30	32	360.499
30	33	360.339
30	34	359.623
30	35	358.3
30	36	356.316
30	37	353.635
30	38	350.278
30	39	346.36
30	40	342.085
30	41	337.655
30	42	333.185
30	43	328.654
30	44	323.584
30	45	317.39
30	46	312.146
30	47	308.185
30	48	305.396
30	49	303.591
30	50	302.573
31	0	3389.6
31	1	16087.4
31	2	9594.6
31	3	6208.49
31	4	4244.91
31	5	3029.83
31	6	2242.71
31	7	1714.89
31	8	1351.18
31	9	1094.96
31	10	911.102
31	11	777.113
31	12	678.145
31	13	604.173
31	14	548.29
31	15	505.649
31	16	472.794
31	17	447.231
31	18	427.131
31	19	411.14
31	20	398.241
31	21	387.664
31	22	378.815
31	23	371.23
31	24	364.538
31	25	358.435
31	26	352.664
31	27	346.997
31	28	341.227
31	29	335.161
31	30	328.629
31	31	321.536
31	32	313.956
31	33	306.221
31	34	298.822
31	35	292.192
31	36	286.577
31	37	282.05
31	38	278.57
31	39	276.035
31	40	274.318
31	41	273.289
31	42	272.824
31	43	272.808
31	44	273.143
31	45	273.743
31	46	274.53
31	47	275.428
31	48	276.307
31	49	276.895
31	50	278.072
32	0	30648.3
32	1	15946.8
32	2	9846.47
32	3	6614.16
32	4	4703.27
32	5	3493.25
32	6	2688.47
32	7	2132.7
32	8	1737.15
32	9	1448.54
32	10	1233.46
32	11	1070.26
32	12	944.426
32	13	846.026
32	14	768.094
32	15	705.65
32	16	655.077
32	17	613.704
32	18	579.528
32	19	551.033
32	20	527.05
32	21	506.668
32	22	489.17
32	23	473.976
32	24	460.615
32	25	448.688
32	26	437.85
32	27	427.781
32	28	418.169
32	29	408.668
32	30	398.867
32	31	388.271
32	32	376.607
32	33	364.488
32	34	353.003
32	35	342.819
32	36	334.149
32	37	326.967
32	38	321.14
32	39	316.494
32	40	312.853
32	41	310.049
32	42	307.934
32	43	306.38
32	44	305.279
32	45	304.543
32	46	304.097
32	47	303.885
32	48	303.857
32	49	303.977
32	50	304.214
33	0	27270.9
33	1	13789.6
33	2	8395.63
33	3	5592.19
33	4	3957.67
33	5	2934.14
33	6	2259.89
33	7	1798.24
33	8	1472.26
33	9	1236.2
33	10	1061.57
33	11	930.007
33	12	829.318
33	13	751.184
33	14	689.805
33	15	641.065
33	16	601.984
33	17	570.38
33	18	544.627
33	19	523.501
33	20	506.07
33	21	491.617
33	22	479.584
33	23	469.534
33	24	461.118
33	25	454.059
33	26	448.132
33	27	443.152
33	28	438.964
33	29	435.437
33	30	432.453
33	31	429.907
33	32	427.698
33	33	425.726
33	34	423.887
33	35	422.067
33	36	420.145
33	37	417.98
33	38	415.416
33	39	412.276
33	40	408.355
33	41	403.442
33	42	397.541
33	43	391.127
33	44	384.709
33	45	378.552
33	46	372.769
33	47	367.403
33	48	362.46
33	49	357.929
33	50	353.789
34	0	19708.2
34	1	9271.93
34	2	5366.76
34	3	3429.85
34	4	2346.74
34	5	1695.38
34	6	1283.45
34	7	1013.04
34	8	830.362
34	9	704.118
34	10	615.28
34	11	551.852
34	12	506.045
34	13	472.672
34	14	448.208
34	15	430.212
34	16	416.966
34	17	407.249
34	18	400.178
34	19	395.113
34	20	391.58
34	21	389.232
34	22	387.809
34	23	387.116
34	24	387.005
34	25	387.363
34	26	388.104
34	27	389.157
34	28	390.467
34	29	391.983
34	30	393.662
34	31	395.459
34	32	397.331
34	33	399.229
34	34	401.098
34	35	402.877
34	36	404.492
34	37	405.86
34	38	406.881
34	39	407.427
34	40	407.314
34	41	406.176
34	42	401.681
34	43	394.677
34	44	387.667
34	45	380.931
34	46	374.558
34	47	368.587
34	48	363.034
34	49	357.911
34	50	353.222
35	0	16129.8
35	1	7315.89
35	2	4165.22
35	3	2646.65
35	4	1816.47
35	5	1326.67
35	6	1022.1
35	7	825.256
35	8	694.209
35	9	604.915
35	10	542.929
35	11	499.25
35	12	468.091
35	13	445.637
35	14	429.315
35	15	417.358
35	16	408.534
35	17	401.968
35	18	397.032
35	19	393.27
35	20	390.345
35	21	388.006
35	22	386.061
35	23	384.364
35	24	382.796
35	25	381.26
35	26	379.671
35	27	377.949
35	28	376.016
35	29	373.778
35	30	371.115
35	31	367.833
35	32	363.473
35	33	356.405
35	34	347.343
35	35	338.457
35	36	330.205
35	37	322.66
35	38	315.781
35	39	309.486
35	40	303.671
35	41	298.217
35	42	293.028
35	43	288.244
35	44	284.345
35	45	281.663
35	46	280.2
35	47	279.794
35	48	280.235
35	49	281.315
35	50	282.85
36	0	16893.3
36	1	8144.67
36	2	4917.21
36	3	3301
36	4	2379.03
36	5	1809.07
36	6	1436.18
36	7	1181.55
36	8	1001.66
36	9	870.972
36	10	773.77
36	11	699.994
36	12	642.994
36	13	598.247
36	14	562.601
36	15	533.815
36	16	510.262
36	17	490.738
36	18	474.337
36	19	460.364
36	20	448.276
36	21	437.634
36	22	428.075
36	23	419.285
36	24	410.975
36	25	402.857
36	26	394.626
36	27	385.967
36	28	376.78
36	29	367.663
36	30	359.453
36	31	352.517
36	32	346.857
36	33	342.334
36	34	338.765
36	35	335.97
36	36	333.785
36	37	332.067
36	38	330.695
36	39	329.569
36	40	328.602
36	41	327.722
36	42	326.866
36	43	325.97
36	44	324.965
36	45	323.74
36	46	321.988
36	47	319.314
36	48	316.738
36	49	314.678
36	50	313.158
37	0	12195.3
37	1	5771.54
37	2	3548.79
37	3	2428.65
37	4	1785.53
37	5	1386.09
37	6	1124.08
37	7	945.026
37	8	818.652
37	9	727.095
37	10	659.301
37	11	608.171
37	12	568.998
37	13	538.577
37	14	514.677
37	15	495.712
37	16	480.538
37	17	468.312
37	18	458.408
37	19	450.355
37	20	443.791
37	21	438.439
37	22	434.082
37	23	430.546
37	24	427.695
37	25	425.414
37	26	423.608
37	27	422.194
37	28	421.098
37	29	420.248
37	30	419.57
37	31	418.986
37	32	418.405
37	33	417.715
37	34	416.764
37	35	415.284
37	36	401.716
37	37	393.716
37	38	386.618
37	39	380.302
37	40	374.664
37	41	369.609
37	42	365.058
37	43	360.94
37	44	357.198
37	45	353.782
37	46	350.65
37	47	347.77
37	48	345.111
37	49	342.65
37	50	340.368
38	0	10125
38	1	5247.67
38	2	3241.31
38	3	2212.62
38	4	1622.17
38	5	1257.93
38	6	1021.38
38	7	861.651
38	8	750.403
38	9	670.933
38	10	612.941
38	11	569.843
38	12	537.3
38	13	512.375
38	14	493.04
38	15	477.862
38	16	465.814
38	17	456.147
38	18	448.306
38	19	441.875
38	20	436.537
38	21	432.047
38	22	428.212
38	23	424.879
38	24	421.919
38	25	419.225
38	26	416.702
38	27	414.26
38	28	411.807
38	29	409.238
38	30	406.395
38	31	398.85
38	32	389.335
38	33	380.607
38	34	372.482
38	35	364.809
38	36	357.541
38	37	350.737
38	38	344.497
38	39	338.898
38	40	333.979
38	41	329.741
38	42	326.154
38	43	323.17
38	44	320.726
38	45	318.755
38	46	317.192
38	47	315.972
38	48	315.037
38	49	314.335
38	50	313.821
39	0	10938.8
39	1	5753.68
39	2	3578.14
39	3	2447.76
39	4	1792.6
39	5	1385.11
39	6	1118.48
39	7	937.075
39	8	809.748
39	9	718.038
39	10	650.513
39	11	599.837
39	12	561.155
39	13	531.167
39	14	507.583
39	15	488.775
39	16	473.569
39	17	461.102
39	18	450.725
39	19	441.944
39	20	434.371
39	21	427.695
39	22	421.649
39	23	415.985
39	24	410.428
39	25	404.472
39	26	392.53
39	27	382.924
39	28	375.185
39	29	368.949
39	30	363.901
39	31	359.776
39	32	356.36
39	33	353.476
39	34	350.982
39	35	348.758
39	36	346.7
39	37	344.717
39	38	342.714
39	39	340.589
39	40	338.175
39	41	325.446
39	42	319.984
39	43	315.919
39	44	312.962
39	45	310.872
39	46	309.457
39	47	308.558
39	48	308.051
39	49	307.835
39	50	307.834
40	0	12963.5
40	1	7031.29
40	2	4421.31
40	3	3029.94
40	4	2210.35
40	5	1694.67
40	6	1354.14
40	7	1120.67
40	8	955.671
40	9	836.102
40	10	747.595
40	11	680.88
40	12	629.793
40	13	590.133
40	14	558.972
40	15	534.23
40	16	514.404
40	17	498.389
40	18	485.365
40	19	474.709
40	20	465.947
40	21	458.709
40	22	452.701
40	23	447.685
40	24	443.459
40	25	439.837
40	26	424.821
40	27	433.551
40	28	403.453
40	29	395.229
40	30	388.227
40	31	382.21
40	32	376.989
40	33	372.411
40	34	368.352
40	35	364.708
40	36	361.397
40	37	358.349
40	38	355.507
40	39	352.826
40	40	350.269
40	41	347.813
40	42	345.441
40	43	343.146
40	44	340.924
40	45	338.771
40	46	336.683
40	47	334.654
40	48	332.679
40	49	330.763
40	50	328.928
41	0	11874.2
41	1	6297.78
41	2	3949.61
41	3	2686.67
41	4	1942.53
41	5	1477.22
41	6	1173.25
41	7	967.768
41	8	824.962
41	9	723.399
41	10	649.735
41	11	595.386
41	12	554.675
41	13	523.756
41	14	499.972
41	15	481.449
41	16	466.846
41	17	455.185
41	18	445.746
41	19	437.986
41	20	431.49
41	21	425.934
41	22	421.052
41	23	416.617
41	24	412.407
41	25	408.145
41	26	375.764
41	27	368.31
41	28	361.92
41	29	356.351
41	30	351.413
41	31	346.952
41	32	342.849
41	33	339.022
41	34	335.432
41	35	332.082
41	36	329.002
41	37	326.217
41	38	323.744
41	39	321.584
41	40	319.733
41	41	318.182
41	42	316.917
41	43	315.911
41	44	315.132
41	45	314.545
41	46	314.113
41	47	313.807
41	48	313.6
41	49	313.469
41	50	313.397
42	0	12032.4
42	1	6990.48
42	2	4491.13
42	3	3094.23
42	4	2252.64
42	5	1717.55
42	6	1362.98
42	7	1120.14
42	8	949.236
42	9	2171.99
42	10	1815.31
42	11	668.291
42	12	186.074
42	13	622.091
42	14	1081.17
42	15	582.299
42	16	9223.99
42	17	909.818
42	18	3818.01
42	19	470.784
42	20	455.718
42	21	406.338
42	22	397.286
42	23	5403.49
42	24	384.063
42	25	379.199
42	26	34066.7
42	27	371.775
42	28	8209.64
42	29	366.384
42	30	364.176
42	31	704.839
42	32	3731.36
42	33	358.643
42	34	356.998
42	35	355.388
42	36	354.252
42	37	352.141
42	38	341.315
42	39	336.602
42	40	332.764
42	41	329.633
42	42	327.074
42	43	324.979
42	44	323.26
42	45	321.847
42	46	320.682
42	47	319.721
42	48	318.924
42	49	318.263
42	50	317.713
43	0	12275.2
43	1	7314.58
43	2	4766.84
43	3	3313.17
43	4	2424.67
43	5	1853.35
43	6	1471.15
43	7	1207.1
43	8	1019.76
43	9	883.776
43	10	783.113
43	11	707.288
43	12	649.268
43	13	604.225
43	14	568.768
43	15	540.472
43	16	517.564
43	17	498.73
43	18	482.973
43	19	469.529
43	20	457.787
43	21	384.558
43	22	377.855
43	23	372.178
43	24	367.266
43	25	362.908
43	26	358.936
43	27	355.225
43	28	351.7
43	29	348.339
43	30	345.154
43	31	342.166
43	32	339.394
43	33	336.843
43	34	334.509
43	35	332.378
43	36	330.436
43	37	328.672
43	38	327.076
43	39	325.631
43	40	316.363
43	41	315.483
43	42	314.867
43	43	314.451
43	44	314.183
43	45	314.024
43	46	313.943
43	47	313.916
43	48	313.925
43	49	313.957
43	50	314.002
44	0	11249.4
44	1	6367.37
44	2	4056.91
44	3	2770.56
44	4	2000.72
44	5	1515.76
44	6	1197.95
44	7	982.962
44	8	833.696
44	9	727.759
44	10	651.15
44	11	594.834
44	12	552.826
44	13	521.069
44	14	496.755
44	15	477.903
44	16	463.089
44	17	451.266
44	18	441.639
44	19	433.568
44	20	426.444
44	21	392.118
44	22	385.607
44	23	380.133
44	24	375.477
44	25	371.468
44	26	367.971
44	27	364.88
44	28	362.107
44	29	359.577
44	30	357.219
44	31	351.024
44	32	344.043
44	33	338.479
44	34	334.036
44	35	330.481
44	36	327.629
44	37	325.338
44	38	323.491
44	39	322
44	40	320.792
44	41	319.81
44	42	319.009
44	43	318.352
44	44	317.813
44	45	317.366
44	46	316.995
44	47	316.684
44	48	316.423
44	49	316.201
44	50	316.012
45	0	9738.72
45	1	5881.49
45	2	3880.55
45	3	2735.13
45	4	2032.99
45	5	1579.95
45	6	1275.61
45	7	1064.38
45	8	913.737
45	9	803.791
45	10	721.937
45	11	659.926
45	12	612.214
45	13	574.987
45	14	545.563
45	15	522.024
45	16	502.973
45	17	487.374
45	18	474.449
45	19	463.603
45	20	454.368
45	21	446.351
45	22	386.598
45	23	381.694
45	24	377.449
45	25	373.713
45	26	370.365
45	27	367.311
45	28	364.481
45	29	361.828
45	30	359.322
45	31	356.939
45	32	354.654
45	33	352.431
45	34	342.031
45	35	337.764
45	36	334.119
45	37	331.068
45	38	328.527
45	39	326.412
45	40	324.651
45	41	323.184
45	42	321.959
45	43	320.933
45	44	320.072
45	45	319.345
45	46	318.729
45	47	318.205
45	48	317.758
45	49	317.373
45	50	317.042
46	0	7249.94
46	1	4290.75
46	2	2813.84
46	3	1988.5
46	4	1491.82
46	5	1176.29
46	6	967.251
46	7	823.996
46	8	723.028
46	9	650.144
46	10	596.428
46	11	556.099
46	12	525.298
46	13	501.377
46	14	482.457
46	15	467.077
46	16	451.086
46	17	414.697
46	18	424.783
46	19	415.247
46	20	407.525
46	21	2525.59
46	22	478.108
46	23	371.727
46	24	367.927
46	25	364.672
46	26	3571.1
46	27	353.445
46	28	344.04
46	29	337.807
46	30	1292.93
46	31	328.982
46	32	325.974
46	33	323.515
46	34	2248.81
46	35	319.644
46	36	318.276
46	37	317.202
46	38	316.366
46	39	315.721
46	40	315.23
46	41	314.859
46	42	314.584
46	43	314.385
46	44	314.244
46	45	314.15
46	46	314.09
46	47	314.057
46	48	314.044
46	49	314.047
46	50	314.06
47	0	5286.52
47	1	3357.89
47	2	2327.02
47	3	1723.42
47	4	1346.09
47	5	1098.1
47	6	928.465
47	7	808.553
47	8	721.406
47	9	656.543
47	10	607.244
47	11	569.065
47	12	538.987
47	13	514.907
47	14	495.334
47	15	479.186
47	16	465.668
47	17	454.184
47	18	444.274
47	19	435.533
47	20	380.896
47	21	376.053
47	22	371.986
47	23	368.461
47	24	365.158
47	25	361.677
47	26	358.315
47	27	355.282
47	28	352.607
47	29	350.27
47	30	348.229
47	31	335.302
47	32	331.477
47	33	328.395
47	34	325.907
47	35	323.893
47	36	322.258
47	37	320.925
47	38	319.832
47	39	318.931
47	40	318.181
47	41	317.554
47	42	317.03
47	43	316.595
47	44	316.237
47	45	315.943
47	46	315.702
47	47	315.505
47	48	315.345
47	49	315.214
47	50	315.108
48	0	3685.48
48	1	2310.03
48	2	1612.16
48	3	1216.99
48	4	975.898
48	5	820.414
48	6	715.662
48	7	642.536
48	8	589.95
48	9	551.166
48	10	521.932
48	11	499.47
48	12	481.917
48	13	467.99
48	14	456.787
48	15	447.66
48	16	440.136
48	17	433.863
48	18	428.573
48	19	424.061
48	20	420.162
48	21	416.741
48	22	413.663
48	23	369.266
48	24	365.572
48	25	362.305
48	26	350.065
48	27	356.747
48	28	337.3
48	29	332.937
48	30	329.535
48	31	326.885
48	32	324.821
48	33	323.215
48	34	321.964
48	35	320.988
48	36	320.225
48	37	319.624
48	38	319.538
48	39	318.66
48	40	317.37
48	41	316.744
48	42	316.263
48	43	315.895
48	44	315.613
48	45	315.398
48	46	315.234
48	47	315.108
48	48	315.011
48	49	314.935
48	50	314.875
49	0	2470.8
49	1	1723.77
49	2	1302.76
49	3	1045.97
49	4	879.699
49	5	766.85
49	6	687.281
49	7	629.38
49	8	586.114
49	9	553.047
49	10	527.279
49	11	506.859
49	12	490.437
49	13	477.057
49	14	466.03
49	15	456.846
49	16	449.124
49	17	442.573
49	18	436.968
49	19	432.132
49	20	427.92
49	21	424.214
49	22	420.904
49	23	363.584
49	24	361.342
49	25	359.43
49	26	357.959
49	27	349.069
49	28	343.753
49	29	339.457
49	30	334.504
49	31	330.648
49	32	327.536
49	33	325.021
49	34	323.115
49	35	321.169
49	36	319.629
49	37	318.417
49	38	317.467
49	39	316.726
49	40	316.15
49	41	315.705
49	42	315.363
49	43	315.102
49	44	314.905
49	45	314.758
49	46	314.649
49	47	314.571
49	48	314.516
49	49	314.478
49	50	314.454
50	0	2262.69
50	1	1396.32
50	2	1024.64
50	3	825.646
50	4	706.328
50	5	629.327
50	6	576.891
50	7	539.657
50	8	512.308
50	9	491.651
50	10	475.68
50	11	463.083
50	12	452.976
50	13	444.746
50	14	437.957
50	15	432.293
50	16	427.517
50	17	423.451
50	18	419.959
50	19	416.932
50	20	414.285
50	21	411.946
50	22	409.853
50	23	407.948
50	24	357.596
50	25	376.523
50	26	335.829
50	27	332.086
50	28	329.588
50	29	324.789
50	30	322.626
50	31	320.959
50	32	319.678
50	33	318.697
50	34	317.948
50	35	317.377
50	36	316.94
50	37	316.662
50	38	316.061
50	39	315.598
50	40	315.245
50	41	314.978
50	42	314.78
50	43	314.634
50	44	314.529
50	45	314.456
50	46	314.406
50	47	314.376
50	48	314.359
50	49	314.352
50	50	314.352
