0	0	10706.5
0	1	4747.48
0	2	778.175
0	3	3120.62
0	4	1680.17
0	5	1384.61
0	6	1176.91
0	7	1026.78
0	8	915.565
0	9	831.404
0	10	766.52
0	11	715.678
0	12	675.266
0	13	642.74
0	14	616.267
0	15	594.509
0	16	576.468
0	17	561.392
0	18	548.704
0	19	537.96
0	20	528.811
0	21	520.98
0	22	514.247
0	23	508.434
0	24	503.397
0	25	499.018
0	26	495.2
0	27	491.861
0	28	488.935
0	29	486.365
0	30	484.103
0	31	482.108
0	32	480.347
0	33	478.79
0	34	477.411
0	35	476.188
0	36	475.104
0	37	474.14
0	38	473.284
0	39	472.522
0	40	471.844
0	41	471.239
0	42	470.701
0	43	470.221
0	44	469.792
0	45	469.41
0	46	469.069
0	47	468.764
0	48	468.492
0	49	468.249
0	50	468.031
1	0	18527.1
1	1	10515.5
1	2	4584.62
1	3	2403.22
1	4	1833.61
1	5	5744.29
1	6	1215.98
1	7	8077.52
1	8	918.041
1	9	826.318
1	10	757.275
1	11	704.315
1	12	663.022
1	13	630.359
1	14	604.196
1	15	583.004
1	16	565.667
1	17	551.359
1	18	539.456
1	19	529.484
1	20	521.075
1	21	513.943
1	22	507.862
1	23	502.654
1	24	498.173
1	25	494.303
1	26	490.948
1	27	488.032
1	28	485.489
1	29	483.265
1	30	481.316
1	31	479.605
1	32	478.099
1	33	476.772
1	34	475.6
1	35	474.563
1	36	473.646
1	37	472.833
1	38	472.111
1	39	471.471
1	40	470.901
1	41	470.395
1	42	469.944
1	43	469.542
1	44	469.185
1	45	468.866
1	46	468.581
1	47	468.327
1	48	468.1
1	49	467.898
1	50	467.717
2	0	27961.7
2	1	17292.5
2	2	9497
2	3	3835.81
2	4	1901.35
2	5	1466.91
2	6	1188.67
2	7	1002.84
2	8	874.259
2	9	782.598
2	10	715.587
2	11	665.536
2	12	627.457
2	13	598.023
2	14	574.954
2	15	556.652
2	16	541.974
2	17	530.088
2	18	520.379
2	19	512.386
2	20	505.757
2	21	500.225
2	22	495.58
2	23	491.657
2	24	488.328
2	25	485.49
2	26	483.06
2	27	480.97
2	28	479.168
2	29	477.607
2	30	476.251
2	31	475.071
2	32	474.04
2	33	473.138
2	34	472.346
2	35	471.651
2	36	471.039
2	37	470.498
2	38	470.021
2	39	469.6
2	40	469.226
2	41	468.895
2	42	468.601
2	43	468.34
2	44	468.108
2	45	467.901
2	46	467.718
2	47	467.554
2	48	467.408
2	49	467.278
2	50	467.162
3	0	39100.8
3	1	24808.2
3	2	14797.3
3	3	7552.57
3	4	2515.38
3	5	1323.63
3	6	1049.39
3	7	875.953
3	8	761.541
3	9	683.441
3	10	628.629
3	11	589.282
3	12	560.507
3	13	539.139
3	14	523.067
3	15	510.847
3	16	501.47
3	17	494.217
3	18	488.569
3	19	484.144
3	20	480.657
3	21	477.897
3	22	475.702
3	23	473.949
3	24	472.543
3	25	471.412
3	26	470.498
3	27	469.757
3	28	469.154
3	29	468.662
3	30	468.26
3	31	467.929
3	32	467.656
3	33	467.43
3	34	467.242
3	35	467.086
3	36	466.955
3	37	466.846
3	38	466.754
3	39	466.676
3	40	466.61
3	41	466.553
3	42	466.506
3	43	466.465
3	44	466.429
3	45	466.399
3	46	466.373
3	47	466.35
3	48	466.331
3	49	466.313
3	50	466.298
4	0	51684.1
4	1	32517.8
4	2	19847.5
4	3	11005.9
4	4	4728.11
4	5	1017.2
4	6	761.142
4	7	639.682
4	8	565.537
4	9	518.887
4	10	489.008
4	11	469.752
4	12	457.416
4	13	449.685
4	14	445.058
4	15	442.541
4	16	441.46
4	17	441.349
4	18	441.884
4	19	442.84
4	20	444.054
4	21	445.416
4	22	446.844
4	23	448.285
4	24	449.701
4	25	451.065
4	26	452.363
4	27	453.585
4	28	454.725
4	29	455.783
4	30	456.76
4	31	457.657
4	32	458.478
4	33	459.228
4	34	459.911
4	35	460.532
4	36	461.095
4	37	461.604
4	38	462.065
4	39	462.482
4	40	462.857
4	41	463.196
4	42	463.501
4	43	463.776
4	44	464.023
4	45	464.246
4	46	464.446
4	47	464.625
4	48	464.786
4	49	464.931
4	50	465.061
5	0	64533.8
5	1	39180.3
5	2	23624.7
5	3	13293.3
5	4	6163.32
5	5	1484.14
5	6	355.922
5	7	320.26
5	8	306.041
5	9	303.298
5	10	306.905
5	11	314.027
5	12	323.016
5	13	332.874
5	14	342.987
5	15	352.975
5	16	362.605
5	17	371.74
5	18	380.306
5	19	388.27
5	20	395.625
5	21	402.384
5	22	408.569
5	23	414.212
5	24	419.346
5	25	424.006
5	26	428.228
5	27	432.048
5	28	435.5
5	29	438.614
5	30	441.423
5	31	443.953
5	32	446.23
5	33	448.279
5	34	450.121
5	35	451.777
5	36	453.265
5	37	454.6
5	38	455.8
5	39	456.876
5	40	457.842
5	41	458.708
5	42	459.485
5	43	460.181
5	44	460.806
5	45	461.366
5	46	461.868
5	47	462.318
5	48	462.721
5	49	463.082
5	50	463.406
6	0	74417.9
6	1	42410.8
6	2	24507.1
6	3	13309
6	4	5928.99
6	5	1278.02
6	6	40.5336
6	7	51.7957
6	8	72.3705
6	9	97.5805
6	10	124.71
6	11	152.142
6	12	178.911
6	13	204.454
6	14	228.463
6	15	250.793
6	16	271.401
6	17	290.31
6	18	307.584
6	19	323.308
6	20	337.584
6	21	350.517
6	22	362.211
6	23	372.77
6	24	382.293
6	25	390.873
6	26	398.597
6	27	405.546
6	28	411.793
6	29	417.406
6	30	422.448
6	31	426.975
6	32	431.038
6	33	434.684
6	34	437.954
6	35	440.888
6	36	443.518
6	37	445.876
6	38	447.991
6	39	449.886
6	40	451.584
6	41	453.106
6	42	454.47
6	43	455.692
6	44	456.787
6	45	457.768
6	46	458.646
6	47	459.433
6	48	460.138
6	49	460.77
6	50	461.336
7	0	74634.5
7	1	38718.9
7	2	20662.5
7	3	10152.1
7	4	3759.82
7	5	566.841
7	6	209.87
7	7	77.8122
7	8	22.3553
7	9	8.17584
7	10	16.5894
7	11	37.1988
7	12	64.0162
7	13	93.5205
7	14	123.625
7	15	153.101
7	16	181.246
7	17	207.681
7	18	232.232
7	19	254.851
7	20	275.566
7	21	294.455
7	22	311.62
7	23	327.178
7	24	341.251
7	25	353.958
7	26	365.417
7	27	375.74
7	28	385.031
7	29	393.387
7	30	400.898
7	31	407.645
7	32	413.703
7	33	419.142
7	34	424.022
7	35	428.4
7	36	432.326
7	37	435.847
7	38	439.004
7	39	441.834
7	40	444.371
7	41	446.644
7	42	448.681
7	43	450.507
7	44	452.142
7	45	453.608
7	46	454.92
7	47	456.096
7	48	457.15
7	49	458.093
7	50	458.938
8	0	63118.7
8	1	29037.8
8	2	14318.7
8	3	7098.2
8	4	3710.77
8	5	1967.71
8	6	1039.43
8	7	534.576
8	8	259.709
8	9	114.346
8	10	43.8402
8	11	17.2687
8	12	16.5556
8	13	30.8609
8	14	53.5607
8	15	80.5592
8	16	109.312
8	17	138.245
8	18	166.402
8	19	193.22
8	20	218.392
8	21	241.776
8	22	263.335
8	23	283.099
8	24	301.14
8	25	317.552
8	26	332.442
8	27	345.923
8	28	358.107
8	29	369.104
8	30	379.018
8	31	387.946
8	32	395.981
8	33	403.208
8	34	409.702
8	35	415.537
8	36	420.777
8	37	425.48
8	38	429.701
8	39	433.488
8	40	436.885
8	41	439.931
8	42	442.662
8	43	445.11
8	44	447.305
8	45	449.272
8	46	451.035
8	47	452.615
8	48	454.03
8	49	455.298
8	50	456.434
9	0	53565.1
9	1	29002.9
9	2	16584.8
9	3	9694.28
9	4	5712.1
9	5	3367.8
9	6	1973.66
9	7	1139.8
9	8	641.079
9	9	345.699
9	10	175.348
9	11	82.6693
9	12	38.5201
9	13	24.6678
9	14	29.5429
9	15	45.7209
9	16	68.4007
9	17	94.4676
9	18	121.905
9	19	149.419
9	20	176.195
9	21	201.738
9	22	225.769
9	23	248.149
9	24	268.836
9	25	287.847
9	26	305.24
9	27	321.096
9	28	335.511
9	29	348.584
9	30	360.419
9	31	371.116
9	32	380.773
9	33	389.479
9	34	397.323
9	35	404.384
9	36	410.735
9	37	416.446
9	38	421.577
9	39	426.186
9	40	430.325
9	41	434.039
9	42	437.373
9	43	440.363
9	44	443.046
9	45	445.451
9	46	447.608
9	47	449.541
9	48	451.275
9	49	452.828
9	50	454.22
10	0	42653.9
10	1	54745.6
10	2	57578.3
10	3	8564.46
10	4	5472.93
10	5	3478.31
10	6	2188.11
10	7	1355.63
10	8	821.95
10	9	483.912
10	10	274.342
10	11	149.31
10	12	79.9353
10	13	47.1041
10	14	38.0851
10	15	44.3485
10	16	60.155
10	17	81.6353
10	18	106.183
10	19	132.051
10	20	158.082
10	21	183.522
10	22	207.897
10	23	230.923
10	24	252.452
10	25	272.422
10	26	290.834
10	27	307.728
10	28	323.171
10	29	337.242
10	30	350.031
10	31	361.63
10	32	372.132
10	33	381.627
10	34	390.199
10	35	397.931
10	36	404.899
10	37	411.173
10	38	416.818
10	39	421.895
10	40	426.459
10	41	430.559
10	42	434.241
10	43	437.547
10	44	440.514
10	45	443.176
10	46	445.565
10	47	447.707
10	48	449.628
10	49	451.35
10	50	452.895
11	0	65057.6
11	1	54713.5
11	2	9111.83
11	3	50683
11	4	46691.6
11	5	42494.9
11	6	38544.3
11	7	35037.2
11	8	611.445
11	9	380.71
11	10	232.242
11	11	141.209
11	12	89.9822
11	13	66.0908
11	14	60.7311
11	15	67.6959
11	16	82.6162
11	17	102.425
11	18	124.981
11	19	148.798
11	20	172.86
11	21	196.483
11	22	219.22
11	23	240.794
11	24	261.047
11	25	279.904
11	26	297.349
11	27	313.405
11	28	328.123
11	29	341.567
11	30	353.813
11	31	364.942
11	32	375.037
11	33	384.178
11	34	392.443
11	35	399.907
11	36	406.641
11	37	412.711
11	38	418.178
11	39	423.099
11	40	427.525
11	41	431.504
11	42	435.08
11	43	438.292
11	44	441.177
11	45	443.766
11	46	446.09
11	47	448.175
11	48	450.045
11	49	451.722
11	50	453.226
12	0	107008
12	1	62326.7
12	2	42029.5
12	3	37788.1
12	4	4935.53
12	5	702.321
12	6	513.823
12	7	29612.6
12	8	27706.3
12	9	26002
12	10	24494.9
12	11	23169.6
12	12	22007.2
12	13	20988.4
12	14	20095.3
12	15	19311.7
12	16	18623.2
12	17	175.634
12	18	195.604
12	19	215.716
12	20	235.468
12	21	254.519
12	22	272.647
12	23	289.719
12	24	305.666
12	25	320.467
12	26	334.13
12	27	346.688
12	28	358.19
12	29	368.693
12	30	378.258
12	31	386.952
12	32	394.837
12	33	401.979
12	34	408.439
12	35	414.274
12	36	419.54
12	37	424.288
12	38	428.566
12	39	432.416
12	40	435.881
12	41	438.997
12	42	441.798
12	43	444.314
12	44	446.574
12	45	448.603
12	46	450.424
12	47	452.058
12	48	453.524
12	49	454.839
12	50	456.018
13	0	202098
13	1	0.134813
13	2	4.20098
13	3	34251.2
13	4	24151.5
13	5	19167.7
13	6	12416.2
13	7	554.594
13	8	469.563
13	9	416.1
13	10	382.311
13	11	361.554
13	12	17956.2
13	13	17520.7
13	14	17112.7
13	15	16735.2
13	16	16389
13	17	16073.5
13	18	15787.3
13	19	15528.3
13	20	15294.7
13	21	15084.2
13	22	387.742
13	23	394.193
13	24	400.323
13	25	406.093
13	26	411.485
13	27	416.492
13	28	421.118
13	29	425.375
13	30	429.278
13	31	432.845
13	32	436.098
13	33	439.057
13	34	441.744
13	35	444.18
13	36	446.385
13	37	448.379
13	38	450.179
13	39	451.804
13	40	453.268
13	41	454.587
13	42	455.775
13	43	456.843
13	44	457.803
13	45	458.667
13	46	459.443
13	47	460.139
13	48	460.765
13	49	461.326
13	50	461.83
14	0	171639
14	1	177470
14	2	1.0522
14	3	7076.52
14	4	26658.1
14	5	18443.8
14	6	12229.9
14	7	8142.65
14	8	4435.04
14	9	1608.59
14	10	1364.91
14	11	1186.96
14	12	1053.25
14	13	950.434
14	14	869.846
14	15	805.659
14	16	753.836
14	17	13031.9
14	18	13101
14	19	13152.2
14	20	13190
14	21	13217.8
14	22	13238
14	23	13252.5
14	24	13262.7
14	25	546.144
14	26	536.566
14	27	528.248
14	28	521.002
14	29	514.673
14	30	509.129
14	31	504.264
14	32	499.984
14	33	496.213
14	34	492.885
14	35	489.943
14	36	487.34
14	37	485.032
14	38	482.986
14	39	481.168
14	40	479.553
14	41	478.117
14	42	476.838
14	43	475.7
14	44	474.685
14	45	473.781
14	46	472.974
14	47	472.254
14	48	471.611
14	49	471.038
14	50	470.525
15	0	168433
15	1	0.248478
15	2	4.17655
15	3	34186.2
15	4	24353
15	5	16717.9
15	6	10684.7
15	7	5853.86
15	8	2010.83
15	9	788.369
15	10	2705.82
15	11	2699.07
15	12	2311.58
15	13	2006.15
15	14	1761.85
15	15	1564.02
15	16	1402.1
15	17	1268.33
15	18	1156.92
15	19	10227.8
15	20	10580.6
15	21	10888.4
15	22	11157.9
15	23	11394.5
15	24	11602.6
15	25	11786
15	26	11948
15	27	673.287
15	28	649.237
15	29	628.198
15	30	609.75
15	31	593.54
15	32	579.271
15	33	566.688
15	34	555.574
15	35	545.745
15	36	537.042
15	37	529.326
15	38	522.479
15	39	516.397
15	40	510.99
15	41	506.18
15	42	501.898
15	43	498.084
15	44	494.684
15	45	491.653
15	46	488.949
15	47	486.536
15	48	484.382
15	49	482.458
15	50	480.74
16	0	63938.3
16	1	45617.1
16	2	32414
16	3	22604.2
16	4	15091.3
16	5	9192.03
16	6	4465.49
16	7	616.034
16	8	531.653
16	9	3.11105
16	10	2.48927
16	11	32.3457
16	12	1.74004
16	13	1263.3
16	14	2788.06
16	15	2427.41
16	16	2130.98
16	17	1885.8
16	18	1681.81
16	19	1511.17
16	20	8072.7
16	21	8639.11
16	22	9141.01
16	23	9586.3
16	24	9981.8
16	25	10333.4
16	26	10646.3
16	27	813.167
16	28	771.586
16	29	735.433
16	30	703.918
16	31	676.379
16	32	652.262
16	33	631.099
16	34	612.492
16	35	596.104
16	36	581.649
16	37	568.88
16	38	557.586
16	39	547.583
16	40	538.716
16	41	530.847
16	42	523.857
16	43	517.644
16	44	512.118
16	45	507.198
16	46	502.816
16	47	498.91
16	48	495.428
16	49	492.322
16	50	489.551
17	0	25610.7
17	1	16082.7
17	2	9105.95
17	3	3807.91
17	4	5.90319
17	5	18.9953
17	6	2.63121
17	7	2.02176
17	8	27.7847
17	9	1.24882
17	10	1.00281
17	11	0.818959
17	12	270.363
17	13	0.585353
17	14	0.552618
17	15	2899.54
17	16	2619.23
17	17	2211.87
17	18	1953.83
17	19	1738.79
17	20	6541.56
17	21	7264.06
17	22	7906.85
17	23	8479.09
17	24	8988.85
17	25	9443.19
17	26	933.041
17	27	874.99
17	28	824.896
17	29	781.536
17	30	743.898
17	31	711.141
17	32	682.562
17	33	657.569
17	34	635.666
17	35	616.434
17	36	599.517
17	37	584.61
17	38	571.456
17	39	559.831
17	40	549.546
17	41	540.434
17	42	532.354
17	43	525.182
17	44	518.811
17	45	513.146
17	46	508.105
17	47	503.618
17	48	499.621
17	49	496.058
17	50	492.881
18	0	16.61
18	1	0.0414139
18	2	0.0448685
18	3	0.0508755
18	4	0.0591008
18	5	0.0471724
18	6	0.0458406
18	7	961.893
18	8	0.0431131
18	9	0.0422635
18	10	735.382
18	11	0.0467259
18	12	0.0831386
18	13	0.0546785
18	14	581.039
18	15	1999.25
18	16	3251.42
18	17	4358.22
18	18	5337.57
18	19	6205.02
18	20	1324.63
18	21	1205.09
18	22	1104.42
18	23	1019.26
18	24	946.895
18	25	885.15
18	26	832.26
18	27	786.789
18	28	747.561
18	29	713.61
18	30	684.139
18	31	658.487
18	32	636.1
18	33	616.518
18	34	599.352
18	35	584.273
18	36	571.004
18	37	559.309
18	38	548.984
18	39	539.857
18	40	531.779
18	41	524.62
18	42	518.27
18	43	512.632
18	44	507.622
18	45	503.166
18	46	499.201
18	47	495.67
18	48	492.524
18	49	489.719
18	50	487.218
19	0	43213.6
19	1	33879
19	2	26284.9
19	3	20083.9
19	4	3.90603
19	5	2.55843
19	6	1.71243
19	7	1.15528
19	8	0.770799
19	9	52.9313
19	10	1838.18
19	11	1578.49
19	12	1377.06
19	13	1218.85
19	14	1093.16
19	15	992.248
19	16	910.459
19	17	843.588
19	18	788.474
19	19	742.718
19	20	704.474
19	21	672.313
19	22	645.112
19	23	621.988
19	24	602.236
19	25	585.291
19	26	570.695
19	27	558.078
19	28	547.134
19	29	537.612
19	30	529.306
19	31	522.041
19	32	515.672
19	33	510.077
19	34	505.154
19	35	500.813
19	36	496.98
19	37	493.59
19	38	490.59
19	39	487.93
19	40	485.57
19	41	483.475
19	42	481.612
19	43	479.955
19	44	478.48
19	45	477.166
19	46	475.996
19	47	474.952
19	48	474.021
19	49	473.19
19	50	472.448
20	0	39723.9
20	1	28970.8
20	2	20680.8
20	3	14191.7
20	4	9091.78
20	5	5147.77
20	6	2312.32
20	7	907.387
20	8	496.746
20	9	254.575
20	10	116.643
20	11	43.8861
20	12	12.0907
20	13	5.97863
20	14	15.7645
20	15	35.1094
20	16	59.8767
20	17	87.3602
20	18	115.795
20	19	144.044
20	20	171.388
20	21	197.392
20	22	221.812
20	23	244.533
20	24	265.525
20	25	284.815
20	26	302.464
20	27	318.557
20	28	333.191
20	29	346.469
20	30	358.492
20	31	369.364
20	32	379.18
20	33	388.035
20	34	396.015
20	35	403.2
20	36	409.665
20	37	415.479
20	38	420.705
20	39	425.399
20	40	429.616
20	41	433.401
20	42	436.798
20	43	439.847
20	44	442.581
20	45	445.034
20	46	447.233
20	47	449.205
20	48	450.972
20	49	452.557
20	50	453.977
21	0	37895.4
21	1	28462.9
21	2	21354.3
21	3	15975.5
21	4	11894.8
21	5	8789.18
21	6	6434.89
21	7	4661.77
21	8	3337.28
21	9	2357.1
21	10	1639.1
21	11	1119.17
21	12	747.73
21	13	486.835
21	14	307.723
21	15	188.73
21	16	113.629
21	17	70.3154
21	18	49.7864
21	19	45.3659
21	20	52.1171
21	21	66.4024
21	22	85.5536
21	23	107.625
21	24	131.211
21	25	155.307
21	26	179.205
21	27	202.422
21	28	224.636
21	29	245.647
21	30	265.344
21	31	283.676
21	32	300.64
21	33	316.266
21	34	330.602
21	35	343.712
21	36	355.668
21	37	366.546
21	38	376.424
21	39	385.378
21	40	393.482
21	41	400.809
21	42	407.425
21	43	413.393
21	44	418.773
21	45	423.618
21	46	427.979
21	47	431.902
21	48	435.429
21	49	438.599
21	50	441.446
22	0	24437.5
22	1	18663.2
22	2	14282.6
22	3	10922.8
22	4	8329.4
22	5	6322.38
22	6	4769.78
22	7	3572.12
22	8	2652.73
22	9	1951.6
22	10	1421.35
22	11	1024.38
22	12	730.916
22	13	517.368
22	14	365.169
22	15	259.746
22	16	189.722
22	17	146.254
22	18	122.501
22	19	113.194
22	20	114.297
22	21	122.73
22	22	136.161
22	23	152.834
22	24	171.439
22	25	191.007
22	26	210.833
22	27	230.414
22	28	249.398
22	29	267.549
22	30	284.718
22	31	300.82
22	32	315.819
22	33	329.711
22	34	342.519
22	35	354.282
22	36	365.049
22	37	374.878
22	38	383.828
22	39	391.962
22	40	399.341
22	41	406.025
22	42	412.07
22	43	417.533
22	44	422.463
22	45	426.909
22	46	430.915
22	47	434.522
22	48	437.769
22	49	440.688
22	50	443.313
23	0	5429.15
23	1	3918.8
23	2	2862.87
23	3	2115.41
23	4	1581.81
23	5	1199.01
23	6	924.014
23	7	726.865
23	8	586.371
23	9	487.319
23	10	418.672
23	11	372.348
23	12	342.389
23	13	324.379
23	14	315.035
23	15	311.909
23	16	313.178
23	17	317.481
23	18	323.808
23	19	331.411
23	20	339.74
23	21	348.395
23	22	357.089
23	23	365.62
23	24	373.848
23	25	381.684
23	26	389.07
23	27	395.979
23	28	402.399
23	29	408.334
23	30	413.797
23	31	418.806
23	32	423.386
23	33	427.562
23	34	431.362
23	35	434.812
23	36	437.939
23	37	440.77
23	38	443.33
23	39	445.641
23	40	447.727
23	41	449.606
23	42	451.3
23	43	452.824
23	44	454.195
23	45	455.428
23	46	456.537
23	47	457.532
23	48	458.426
23	49	459.229
23	50	459.95
24	0	3.75715
24	1	2.87267
24	2	2.23107
24	3	409.234
24	4	1.40443
24	5	1.14016
24	6	0.945214
24	7	1.11614
24	8	630.474
24	9	2022.84
24	10	2488.95
24	11	2184.59
24	12	1931.68
24	13	1720.67
24	14	6943.23
24	15	7622.99
24	16	8227.74
24	17	8766.1
24	18	9245.63
24	19	9672.97
24	20	10054
24	21	870.634
24	22	821.193
24	23	778.379
24	24	741.199
24	25	708.827
24	26	680.571
24	27	655.853
24	28	634.184
24	29	615.15
24	30	598.401
24	31	583.639
24	32	570.608
24	33	559.09
24	34	548.896
24	35	539.864
24	36	531.853
24	37	524.741
24	38	518.422
24	39	512.802
24	40	507.802
24	41	503.349
24	42	499.382
24	43	495.846
24	44	492.693
24	45	489.88
24	46	487.369
24	47	485.127
24	48	483.125
24	49	481.337
24	50	479.739
25	0	3.09322
25	1	2.29993
25	2	1.74569
25	3	1.34711
25	4	1.05454
25	5	0.836123
25	6	0.670406
25	7	4856.41
25	8	0.446579
25	9	0.371585
25	10	0.314356
25	11	0.271911
25	12	0.244095
25	13	0.24345
25	14	2496.07
25	15	2168.92
25	16	1901.79
25	17	4808
25	18	5737.45
25	19	6560.97
25	20	7291.22
25	21	7939.3
25	22	8514.88
25	23	956.567
25	24	892.701
25	25	838.16
25	26	791.401
25	27	751.167
25	28	716.43
25	29	686.344
25	30	660.209
25	31	637.444
25	32	617.565
25	33	600.166
25	34	584.904
25	35	571.492
25	36	559.685
25	37	549.272
25	38	540.076
25	39	531.944
25	40	524.744
25	41	518.361
25	42	512.698
25	43	507.669
25	44	503.198
25	45	499.222
25	46	495.682
25	47	492.53
25	48	489.721
25	49	487.216
25	50	484.982
26	0	0.0677393
26	1	0.0331645
26	2	0.0157601
26	3	0.00674224
26	4	846.455
26	5	0.0002642
26	6	0.00141951
26	7	0.005446
26	8	1602.48
26	9	3279.72
26	10	1364.48
26	11	1195.93
26	12	1065.32
26	13	962.687
26	14	881.032
26	15	815.34
26	16	761.958
26	17	718.187
26	18	682.002
26	19	651.864
26	20	626.595
26	21	605.277
26	22	587.192
26	23	571.771
26	24	558.561
26	25	547.198
26	26	537.385
26	27	528.881
26	28	521.488
26	29	515.043
26	30	509.409
26	31	504.473
26	32	500.138
26	33	496.325
26	34	492.964
26	35	489.997
26	36	487.374
26	37	485.052
26	38	482.995
26	39	481.17
26	40	479.549
26	41	478.109
26	42	476.827
26	43	475.687
26	44	474.672
26	45	473.767
26	46	472.96
26	47	472.24
26	48	471.598
26	49	471.025
26	50	470.513
27	0	14739.8
27	1	10053.8
27	2	6876.73
27	3	4696.61
27	4	3193.48
27	5	2156.91
27	6	1444.3
27	7	957.474
27	8	628.28
27	9	409.241
27	10	267.171
27	11	178.804
27	12	127.784
27	13	102.578
27	14	95.0356
27	15	99.3839
27	16	111.534
27	17	128.594
27	18	148.522
27	19	169.888
27	20	191.7
27	21	213.281
27	22	234.178
27	23	254.105
27	24	272.886
27	25	290.434
27	26	306.714
27	27	321.736
27	28	335.535
27	29	348.165
27	30	359.688
27	31	370.175
27	32	379.7
27	33	388.334
27	34	396.149
27	35	403.213
27	36	409.592
27	37	415.345
27	38	420.53
27	39	425.199
27	40	429.401
27	41	433.18
27	42	436.578
27	43	439.631
27	44	442.374
27	45	444.836
27	46	447.047
27	47	449.031
27	48	450.81
27	49	452.407
27	50	453.839
28	0	8136.5
28	1	5756.49
28	2	4112.53
28	3	2954.05
28	4	2128.31
28	5	1536.61
28	6	1112.45
28	7	809.589
28	8	595.177
28	9	445.51
28	10	343.29
28	11	275.801
28	12	233.645
28	13	209.857
28	14	199.263
28	15	198.019
28	16	203.273
28	17	212.913
28	18	225.381
28	19	239.535
28	20	254.546
28	21	269.817
28	22	284.928
28	23	299.588
28	24	313.605
28	25	326.859
28	26	339.283
28	27	350.847
28	28	361.55
28	29	371.41
28	30	380.459
28	31	388.736
28	32	396.286
28	33	403.157
28	34	409.398
28	35	415.057
28	36	420.18
28	37	424.812
28	38	428.996
28	39	432.77
28	40	436.173
28	41	439.238
28	42	441.997
28	43	444.48
28	44	446.712
28	45	448.718
28	46	450.52
28	47	452.139
28	48	453.592
28	49	454.897
28	50	456.067
29	0	3.84423
29	1	2.6546
29	2	1.91076
29	3	1.42653
29	4	1.10803
29	5	0.903598
29	6	839.915
29	7	2546.43
29	8	2182.34
29	9	1894.27
29	10	1663.71
29	11	6864.19
29	12	7616.65
29	13	8271.8
29	14	8844.09
29	15	9345.45
29	16	9785.76
29	17	874.053
29	18	821.511
29	19	776.613
29	20	738.078
29	21	704.869
29	22	676.145
29	23	651.217
29	24	629.518
29	25	610.577
29	26	594.002
29	27	579.464
29	28	566.688
29	29	555.437
29	30	545.515
29	31	536.749
29	32	528.996
29	33	522.129
29	34	516.041
29	35	510.637
29	36	505.837
29	37	501.569
29	38	497.772
29	39	494.391
29	40	491.38
29	41	488.696
29	42	486.302
29	43	484.167
29	44	482.261
29	45	480.56
29	46	479.041
29	47	477.683
29	48	476.471
29	49	475.387
29	50	474.418
30	0	0.930384
30	1	0.646031
30	2	0.469594
30	3	0.35543
30	4	0.275729
30	5	684.881
30	6	882.82
30	7	0.229931
30	8	0.140518
30	9	5.03221
30	10	921.688
30	11	2128.19
30	12	3851.94
30	13	5012.71
30	14	6013.99
30	15	6880.83
30	16	7633.78
30	17	1047.87
30	18	964.779
30	19	895.454
30	20	837.245
30	21	788.081
30	22	746.335
30	23	710.711
30	24	680.176
30	25	653.894
30	26	631.188
30	27	611.504
30	28	594.387
30	29	579.459
30	30	566.408
30	31	554.97
30	32	544.924
30	33	536.085
30	34	528.294
30	35	521.415
30	36	515.334
30	37	509.95
30	38	505.179
30	39	500.946
30	40	497.187
30	41	493.846
30	42	490.874
30	43	488.229
30	44	485.873
30	45	483.774
30	46	481.903
30	47	480.233
30	48	478.743
30	49	477.414
30	50	476.226
31	0	5571.37
31	1	3532.09
31	2	2241.66
31	3	1419.11
31	4	894.184
31	5	561.02
31	6	352.656
31	7	226.106
31	8	153.424
31	9	116.23
31	10	102.317
31	11	103.508
31	12	114.29
31	13	130.934
31	14	150.916
31	15	172.53
31	16	194.633
31	17	216.473
31	18	237.563
31	19	257.606
31	20	276.432
31	21	293.96
31	22	310.168
31	23	325.077
31	24	338.733
31	25	351.197
31	26	362.543
31	27	372.846
31	28	382.184
31	29	390.634
31	30	398.27
31	31	405.162
31	32	411.377
31	33	416.976
31	34	422.017
31	35	426.552
31	36	430.63
31	37	434.294
31	38	437.587
31	39	440.543
31	40	443.198
31	41	445.58
31	42	447.717
31	43	449.635
31	44	451.354
31	45	452.896
31	46	454.279
31	47	455.518
31	48	456.629
31	49	457.625
31	50	458.517
32	0	2105.71
32	1	1414
32	2	970.138
32	3	682.074
32	4	495.076
32	5	375.071
32	6	300.112
32	7	255.694
32	8	232.041
32	9	222.464
32	10	222.341
32	11	228.45
32	12	238.54
32	13	251.032
32	14	264.823
32	15	279.149
32	16	293.485
32	17	307.477
32	18	320.897
32	19	333.603
32	20	345.514
32	21	356.596
32	22	366.845
32	23	376.276
32	24	384.921
32	25	392.819
32	26	400.016
32	27	406.557
32	28	412.492
32	29	417.868
32	30	422.731
32	31	427.123
32	32	431.087
32	33	434.661
32	34	437.88
32	35	440.779
32	36	443.386
32	37	445.731
32	38	447.839
32	39	449.732
32	40	451.432
32	41	452.959
32	42	454.329
32	43	455.559
32	44	456.662
32	45	457.651
32	46	458.538
32	47	459.334
32	48	460.047
32	49	460.686
32	50	461.259
33	0	0.611624
33	1	0.458592
33	2	0.355546
33	3	0.278563
33	4	0.2288
33	5	0.194696
33	6	0.17453
33	7	0.180121
33	8	1444.67
33	9	2108.17
33	10	4231.53
33	11	5337.63
33	12	6292.98
33	13	7121.1
33	14	7841.3
33	15	1047.82
33	16	965.569
33	17	896.814
33	18	838.97
33	19	790.023
33	20	748.385
33	21	712.791
33	22	682.231
33	23	655.886
33	24	633.092
33	25	613.304
33	26	596.074
33	27	581.03
33	28	567.862
33	29	556.31
33	30	546.155
33	31	537.211
33	32	529.321
33	33	522.351
33	34	516.184
33	35	510.721
33	36	505.877
33	37	501.577
33	38	497.757
33	39	494.361
33	40	491.338
33	41	488.647
33	42	486.25
33	43	484.113
33	44	482.207
33	45	480.507
33	46	478.989
33	47	477.635
33	48	476.425
33	49	475.344
33	50	474.378
34	0	1228.25
34	1	674.441
34	2	376.337
34	3	218.574
34	4	140.124
34	5	107.326
34	6	100.973
34	7	109.806
34	8	127.088
34	9	148.736
34	10	172.255
34	11	196.13
34	12	219.452
34	13	241.693
34	14	262.567
34	15	281.945
34	16	299.79
34	17	316.129
34	18	331.023
34	19	344.554
34	20	356.815
34	21	367.901
34	22	377.91
34	23	386.934
34	24	395.062
34	25	402.375
34	26	408.951
34	27	414.861
34	28	420.168
34	29	424.934
34	30	429.211
34	31	433.049
34	32	436.491
34	33	439.579
34	34	442.347
34	35	444.828
34	36	447.053
34	37	449.046
34	38	450.833
34	39	452.434
34	40	453.868
34	41	455.153
34	42	456.305
34	43	457.336
34	44	458.26
34	45	459.088
34	46	459.829
34	47	460.493
34	48	461.088
34	49	461.62
34	50	462.097
35	0	500.707
35	1	433.541
35	2	399.722
35	3	383.9
35	4	378.095
35	5	377.937
35	6	380.932
35	7	385.619
35	8	391.129
35	9	396.939
35	10	402.736
35	11	408.336
35	12	413.636
35	13	418.584
35	14	423.159
35	15	427.359
35	16	431.196
35	17	434.686
35	18	437.853
35	19	440.719
35	20	443.308
35	21	445.644
35	22	447.748
35	23	449.643
35	24	451.346
35	25	452.878
35	26	454.253
35	27	455.489
35	28	456.597
35	29	457.592
35	30	458.485
35	31	459.285
35	32	460.003
35	33	460.647
35	34	461.224
35	35	461.741
35	36	462.204
35	37	462.619
35	38	462.991
35	39	463.325
35	40	463.623
35	41	463.891
35	42	464.13
35	43	464.345
35	44	464.537
35	45	464.709
35	46	464.864
35	47	465.002
35	48	465.126
35	49	465.236
35	50	465.336
36	0	0.90747
36	1	0.246806
36	2	0.202314
36	3	3.03125
36	4	2109.62
36	5	1751.16
36	6	5173.43
36	7	6333.16
36	8	7290.9
36	9	8090.17
36	10	942.988
36	11	869.665
36	12	810.002
36	13	760.922
36	14	720.161
36	15	686.023
36	16	657.222
36	17	632.764
36	18	611.876
36	19	593.943
36	20	578.479
36	21	565.09
36	22	553.456
36	23	543.314
36	24	534.448
36	25	526.678
36	26	519.852
36	27	513.844
36	28	508.547
36	29	503.868
36	30	499.729
36	31	496.064
36	32	492.814
36	33	489.93
36	34	487.367
36	35	485.089
36	36	483.061
36	37	481.256
36	38	479.648
36	39	478.214
36	40	476.936
36	41	475.795
36	42	474.777
36	43	473.868
36	44	473.057
36	45	472.331
36	46	471.683
36	47	471.104
36	48	470.587
36	49	470.124
36	50	469.71
37	0	796.859
37	1	502.749
37	2	337.667
37	3	247.524
37	4	202.044
37	5	183.554
37	6	181.404
37	7	189.028
37	8	202.306
37	9	218.629
37	10	236.337
37	11	254.378
37	12	272.095
37	13	289.088
37	14	305.129
37	15	320.098
37	16	333.951
37	17	346.692
37	18	358.354
37	19	368.987
37	20	378.653
37	21	387.42
37	22	395.356
37	23	402.527
37	24	408.999
37	25	414.835
37	26	420.091
37	27	424.821
37	28	429.075
37	29	432.9
37	30	436.336
37	31	439.422
37	32	442.193
37	33	444.68
37	34	446.911
37	35	448.912
37	36	450.707
37	37	452.317
37	38	453.76
37	39	455.054
37	40	456.213
37	41	457.252
37	42	458.184
37	43	459.018
37	44	459.766
37	45	460.436
37	46	461.036
37	47	461.573
37	48	462.055
37	49	462.486
37	50	462.873
38	0	485.985
38	1	0.109584
38	2	1619.85
38	3	3544.89
38	4	5066.09
38	5	6289.36
38	6	7287.55
38	7	1042.96
38	8	947.571
38	9	871.681
38	10	810.436
38	11	760.397
38	12	719.073
38	13	684.628
38	14	655.682
38	15	631.182
38	16	610.316
38	17	592.446
38	18	577.066
38	19	563.773
38	20	552.239
38	21	542.197
38	22	533.428
38	23	525.749
38	24	519.01
38	25	513.082
38	26	507.858
38	27	503.246
38	28	499.169
38	29	495.56
38	30	492.361
38	31	489.522
38	32	487.001
38	33	484.76
38	34	482.766
38	35	480.992
38	36	479.411
38	37	478.002
38	38	476.745
38	39	475.624
38	40	474.624
38	41	473.731
38	42	472.934
38	43	472.221
38	44	471.585
38	45	471.016
38	46	470.507
38	47	470.053
38	48	469.646
38	49	469.283
38	50	468.957
39	0	259.029
39	1	208.237
39	2	194.113
39	3	198.435
39	4	211.887
39	5	229.527
39	6	248.677
39	7	267.878
39	8	286.351
39	9	303.7
39	10	319.752
39	11	334.457
39	12	347.84
39	13	359.963
39	14	370.91
39	15	380.772
39	16	389.641
39	17	397.607
39	18	404.757
39	19	411.169
39	20	416.917
39	21	422.068
39	22	426.682
39	23	430.815
39	24	434.517
39	25	437.831
39	26	440.799
39	27	443.456
39	28	445.835
39	29	447.965
39	30	449.872
39	31	451.579
39	32	453.108
39	33	454.477
39	34	455.702
39	35	456.799
39	36	457.781
39	37	458.66
39	38	459.448
39	39	460.153
39	40	460.784
39	41	461.349
39	42	461.855
39	43	462.308
39	44	462.714
39	45	463.077
39	46	463.402
39	47	463.693
39	48	463.954
39	49	464.187
39	50	464.397
40	0	7808.29
40	1	960.088
40	2	851.896
40	3	775.257
40	4	718.692
40	5	675.6
40	6	641.938
40	7	615.107
40	8	593.365
40	9	575.505
40	10	560.665
40	11	548.214
40	12	537.683
40	13	528.711
40	14	521.023
40	15	514.399
40	16	508.667
40	17	503.686
40	18	499.344
40	19	495.547
40	20	492.217
40	21	489.291
40	22	486.713
40	23	484.439
40	24	482.429
40	25	480.651
40	26	479.075
40	27	477.676
40	28	476.435
40	29	475.331
40	30	474.349
40	31	473.475
40	32	472.697
40	33	472.003
40	34	471.385
40	35	470.833
40	36	470.34
40	37	469.901
40	38	469.508
40	39	469.158
40	40	468.844
40	41	468.564
40	42	468.314
40	43	468.09
40	44	467.89
40	45	467.711
40	46	467.551
40	47	467.408
40	48	467.279
40	49	467.165
40	50	467.062
41	0	713.457
41	1	660.737
41	2	623.133
41	3	595.173
41	4	573.717
41	5	556.843
41	6	543.308
41	7	532.277
41	8	523.168
41	9	515.563
41	10	509.156
41	11	503.716
41	12	499.066
41	13	495.069
41	14	491.616
41	15	488.62
41	16	486.012
41	17	483.733
41	18	481.737
41	19	479.984
41	20	478.441
41	21	477.081
41	22	475.879
41	23	474.816
41	24	473.875
41	25	473.04
41	26	472.298
41	27	471.639
41	28	471.053
41	29	470.532
41	30	470.068
41	31	469.654
41	32	469.285
41	33	468.956
41	34	468.662
41	35	468.4
41	36	468.166
41	37	467.957
41	38	467.77
41	39	467.603
41	40	467.454
41	41	467.321
41	42	467.202
41	43	467.095
41	44	466.999
41	45	466.914
41	46	466.838
41	47	466.769
41	48	466.708
41	49	466.654
41	50	466.605
42	0	177.222
42	1	204.506
42	2	232.766
42	3	259.352
42	4	283.41
42	5	304.8
42	6	323.663
42	7	340.238
42	8	354.788
42	9	367.561
42	10	378.783
42	11	388.655
42	12	397.351
42	13	405.02
42	14	411.793
42	15	417.783
42	16	423.086
42	17	427.785
42	18	431.955
42	19	435.658
42	20	438.949
42	21	441.876
42	22	444.481
42	23	446.801
42	24	448.868
42	25	450.712
42	26	452.356
42	27	453.823
42	28	455.132
42	29	456.301
42	30	457.345
42	31	458.278
42	32	459.112
42	33	459.857
42	34	460.524
42	35	461.119
42	36	461.652
42	37	462.128
42	38	462.555
42	39	462.936
42	40	463.277
42	41	463.582
42	42	463.855
42	43	464.1
42	44	464.318
42	45	464.514
42	46	464.689
42	47	464.846
42	48	464.986
42	49	465.112
42	50	465.225
43	0	496.149
43	1	490.269
43	2	485.939
43	3	482.636
43	4	480.047
43	5	477.975
43	6	476.289
43	7	474.897
43	8	473.736
43	9	472.757
43	10	471.927
43	11	471.217
43	12	470.606
43	13	470.078
43	14	469.62
43	15	469.222
43	16	468.873
43	17	468.568
43	18	468.3
43	19	468.064
43	20	467.856
43	21	467.672
43	22	467.509
43	23	467.365
43	24	467.237
43	25	467.123
43	26	467.023
43	27	466.933
43	28	466.853
43	29	466.782
43	30	466.718
43	31	466.662
43	32	466.611
43	33	466.566
43	34	466.526
43	35	466.49
43	36	466.458
43	37	466.43
43	38	466.404
43	39	466.381
43	40	466.361
43	41	466.343
43	42	466.326
43	43	466.312
43	44	466.299
43	45	466.287
43	46	466.276
43	47	466.267
43	48	466.259
43	49	466.251
43	50	466.244
44	0	715.922
44	1	662.889
44	2	625.027
44	3	596.846
44	4	575.198
44	5	558.154
44	6	544.47
44	7	533.307
44	8	524.082
44	9	516.376
44	10	509.878
44	11	504.358
44	12	499.638
44	13	495.578
44	14	492.069
44	15	489.025
44	16	486.373
44	17	484.055
44	18	482.025
44	19	480.241
44	20	478.671
44	21	477.286
44	22	476.062
44	23	474.98
44	24	474.021
44	25	473.17
44	26	472.415
44	27	471.744
44	28	471.147
44	29	470.616
44	30	470.143
44	31	469.721
44	32	469.345
44	33	469.01
44	34	468.711
44	35	468.444
44	36	468.205
44	37	467.992
44	38	467.802
44	39	467.631
44	40	467.479
44	41	467.343
44	42	467.222
44	43	467.113
44	44	467.016
44	45	466.929
44	46	466.851
44	47	466.781
44	48	466.719
44	49	466.663
44	50	466.613
45	0	561.572
45	1	542.243
45	2	528.189
45	3	517.574
45	4	509.321
45	5	502.759
45	6	497.446
45	7	493.082
45	8	489.453
45	9	486.407
45	10	483.827
45	11	481.627
45	12	479.739
45	13	478.111
45	14	476.7
45	15	475.473
45	16	474.403
45	17	473.465
45	18	472.643
45	19	471.92
45	20	471.282
45	21	470.719
45	22	470.221
45	23	469.781
45	24	469.39
45	25	469.043
45	26	468.735
45	27	468.461
45	28	468.217
45	29	468
45	30	467.807
45	31	467.634
45	32	467.481
45	33	467.343
45	34	467.221
45	35	467.112
45	36	467.014
45	37	466.927
45	38	466.849
45	39	466.779
45	40	466.717
45	41	466.661
45	42	466.611
45	43	466.567
45	44	466.527
45	45	466.491
45	46	466.459
45	47	466.431
45	48	466.405
45	49	466.383
45	50	466.362
46	0	504.124
46	1	496.556
46	2	491.018
46	3	486.815
46	4	483.534
46	5	480.917
46	6	478.793
46	7	477.045
46	8	475.588
46	9	474.363
46	10	473.324
46	11	472.438
46	12	471.676
46	13	471.019
46	14	470.449
46	15	469.952
46	16	469.519
46	17	469.14
46	18	468.807
46	19	468.514
46	20	468.255
46	21	468.027
46	22	467.825
46	23	467.647
46	24	467.488
46	25	467.347
46	26	467.222
46	27	467.111
46	28	467.012
46	29	466.924
46	30	466.846
46	31	466.776
46	32	466.713
46	33	466.657
46	34	466.608
46	35	466.563
46	36	466.524
46	37	466.488
46	38	466.456
46	39	466.428
46	40	466.403
46	41	466.38
46	42	466.36
46	43	466.342
46	44	466.326
46	45	466.311
46	46	466.298
46	47	466.287
46	48	466.276
46	49	466.267
46	50	466.259
47	0	452.543
47	1	454.892
47	2	456.718
47	3	458.17
47	4	459.343
47	5	460.305
47	6	461.103
47	7	461.773
47	8	462.339
47	9	462.821
47	10	463.235
47	11	463.591
47	12	463.899
47	13	464.167
47	14	464.401
47	15	464.605
47	16	464.784
47	17	464.942
47	18	465.081
47	19	465.203
47	20	465.312
47	21	465.408
47	22	465.492
47	23	465.568
47	24	465.635
47	25	465.694
47	26	465.747
47	27	465.795
47	28	465.837
47	29	465.874
47	30	465.907
47	31	465.937
47	32	465.964
47	33	465.987
47	34	466.009
47	35	466.028
47	36	466.045
47	37	466.06
47	38	466.073
47	39	466.085
47	40	466.096
47	41	466.106
47	42	466.114
47	43	466.122
47	44	466.129
47	45	466.135
47	46	466.141
47	47	466.146
47	48	466.15
47	49	466.154
47	50	466.158
48	0	473.084
48	1	471.728
48	2	470.729
48	3	469.968
48	4	469.372
48	5	468.895
48	6	468.507
48	7	468.188
48	8	467.921
48	9	467.696
48	10	467.505
48	11	467.342
48	12	467.202
48	13	467.081
48	14	466.976
48	15	466.884
48	16	466.804
48	17	466.734
48	18	466.673
48	19	466.619
48	20	466.571
48	21	466.529
48	22	466.491
48	23	466.458
48	24	466.429
48	25	466.403
48	26	466.38
48	27	466.359
48	28	466.341
48	29	466.325
48	30	466.31
48	31	466.297
48	32	466.286
48	33	466.275
48	34	466.266
48	35	466.258
48	36	466.251
48	37	466.244
48	38	466.238
48	39	466.233
48	40	466.228
48	41	466.224
48	42	466.22
48	43	466.217
48	44	466.214
48	45	466.211
48	46	466.209
48	47	466.207
48	48	466.205
48	49	466.203
48	50	466.202
49	0	405.55
49	1	416.71
49	2	425.149
49	3	431.717
49	4	436.945
49	5	441.181
49	6	444.663
49	7	447.56
49	8	449.994
49	9	452.057
49	10	453.816
49	11	455.327
49	12	456.63
49	13	457.76
49	14	458.742
49	15	459.6
49	16	460.351
49	17	461.01
49	18	461.59
49	19	462.101
49	20	462.553
49	21	462.952
49	22	463.305
49	23	463.619
49	24	463.897
49	25	464.144
49	26	464.364
49	27	464.56
49	28	464.734
49	29	464.889
49	30	465.027
49	31	465.151
49	32	465.261
49	33	465.359
49	34	465.447
49	35	465.525
49	36	465.595
49	37	465.658
49	38	465.714
49	39	465.764
49	40	465.809
49	41	465.849
49	42	465.884
49	43	465.916
49	44	465.945
49	45	465.971
49	46	465.993
49	47	466.014
49	48	466.032
49	49	466.049
49	50	466.063
50	0	433.146
50	1	439.297
50	2	443.926
50	3	447.516
50	4	450.366
50	5	452.67
50	6	454.561
50	7	456.132
50	8	457.45
50	9	458.567
50	10	459.518
50	11	460.334
50	12	461.038
50	13	461.648
50	14	462.178
50	15	462.641
50	16	463.046
50	17	463.401
50	18	463.714
50	19	463.989
50	20	464.232
50	21	464.447
50	22	464.638
50	23	464.806
50	24	464.956
50	25	465.089
50	26	465.208
50	27	465.313
50	28	465.407
50	29	465.49
50	30	465.565
50	31	465.631
50	32	465.69
50	33	465.743
50	34	465.79
50	35	465.833
50	36	465.87
50	37	465.904
50	38	465.934
50	39	465.961
50	40	465.985
50	41	466.006
50	42	466.026
50	43	466.043
50	44	466.058
50	45	466.072
50	46	466.084
50	47	466.095
50	48	466.105
50	49	466.114
50	50	466.122
