0	0	1016.05
0	1	1038
0	2	999.311
0	3	941.615
0	4	881.105
0	5	823.991
0	6	772.372
0	7	726.612
0	8	686.37
0	9	651.046
0	10	619.99
0	11	592.594
0	12	568.329
0	13	546.758
0	14	527.54
0	15	510.417
0	16	495.203
0	17	481.758
0	18	469.962
0	19	459.698
0	20	450.835
0	21	443.228
0	22	436.724
0	23	431.17
0	24	426.427
0	25	422.367
0	26	418.882
0	27	415.881
0	28	413.286
0	29	411.035
0	30	409.075
0	31	407.362
0	32	405.862
0	33	404.545
0	34	403.385
0	35	402.362
0	36	401.458
0	37	400.658
0	38	399.949
0	39	399.319
0	40	398.76
0	41	398.263
0	42	397.82
0	43	397.426
0	44	397.075
0	45	396.762
0	46	396.483
0	47	396.233
0	48	396.011
0	49	395.812
0	50	395.635
1	0	1680.31
1	1	1743.32
1	2	1622.77
1	3	1461.66
1	4	1304.96
1	5	1165.83
1	6	1046.47
1	7	945.354
1	8	859.94
1	9	787.628
1	10	726.129
1	11	673.553
1	12	628.415
1	13	589.596
1	14	556.302
1	15	527.986
1	16	504.249
1	17	484.716
1	18	468.936
1	19	456.36
1	20	446.4
1	21	438.493
1	22	432.164
1	23	427.031
1	24	422.808
1	25	419.281
1	26	416.296
1	27	413.739
1	28	411.528
1	29	409.602
1	30	407.911
1	31	406.422
1	32	405.104
1	33	403.935
1	34	402.895
1	35	401.969
1	36	401.143
1	37	400.405
1	38	399.746
1	39	399.157
1	40	398.63
1	41	398.159
1	42	397.738
1	43	397.36
1	44	397.022
1	45	396.72
1	46	396.449
1	47	396.207
1	48	395.99
1	49	395.795
1	50	395.621
2	0	4150.87
2	1	4106.71
2	2	3446.66
2	3	2792.71
2	4	2257.89
2	5	1841.62
2	6	1520.8
2	7	1272.29
2	8	1077.66
2	9	923.243
2	10	799.271
2	11	699.007
2	12	618.07
2	13	553.774
2	14	504.317
2	15	467.956
2	16	442.607
2	17	425.934
2	18	415.661
2	19	409.806
2	20	406.795
2	21	405.467
2	22	405.027
2	23	404.969
2	24	405.001
2	25	404.974
2	26	404.829
2	27	404.556
2	28	404.172
2	29	403.7
2	30	403.168
2	31	402.6
2	32	402.016
2	33	401.432
2	34	400.86
2	35	400.308
2	36	399.783
2	37	399.288
2	38	398.825
2	39	398.395
2	40	397.997
2	41	397.631
2	42	397.296
2	43	396.989
2	44	396.71
2	45	396.455
2	46	396.225
2	47	396.015
2	48	395.826
2	49	395.655
2	50	395.501
3	0	29178.5
3	1	15277.2
3	2	8826.64
3	3	5521.95
3	4	3670.32
3	5	2554.12
3	6	1841.45
3	7	1366.24
3	8	1039.45
3	9	810.425
3	10	648.69
3	11	534.803
3	12	455.641
3	13	401.928
3	14	366.912
3	15	345.604
3	16	334.276
3	17	330.117
3	18	330.973
3	19	335.178
3	20	341.433
3	21	348.735
3	22	356.324
3	23	363.652
3	24	370.357
3	25	376.231
3	26	381.193
3	27	385.254
3	28	388.484
3	29	390.987
3	30	392.879
3	31	394.271
3	32	395.266
3	33	395.951
3	34	396.397
3	35	396.663
3	36	396.796
3	37	396.831
3	38	396.797
3	39	396.714
3	40	396.598
3	41	396.462
3	42	396.315
3	43	396.164
3	44	396.012
3	45	395.864
3	46	395.721
3	47	395.585
3	48	395.457
3	49	395.338
3	50	395.227
4	0	50556.2
4	1	12469
4	2	13031
4	3	6653.76
4	4	3832.65
4	5	2374.6
4	6	1551.51
4	7	1061.49
4	8	759.965
4	9	570.587
4	10	450.267
4	11	373.61
4	12	325.203
4	13	295.478
4	14	278.38
4	15	270.003
4	16	267.77
4	17	269.935
4	18	275.269
4	19	282.862
4	20	292.003
4	21	302.104
4	22	312.667
4	23	323.262
4	24	333.526
4	25	343.173
4	26	351.989
4	27	359.843
4	28	366.674
4	29	372.486
4	30	377.335
4	31	381.306
4	32	384.509
4	33	387.054
4	34	389.051
4	35	390.6
4	36	391.787
4	37	392.686
4	38	393.359
4	39	393.854
4	40	394.213
4	41	394.465
4	42	394.638
4	43	394.749
4	44	394.815
4	45	394.847
4	46	394.855
4	47	394.845
4	48	394.822
4	49	394.791
4	50	394.755
5	0	10983.6
5	1	34838.5
5	2	12717.2
5	3	6062.76
5	4	3258.84
5	5	1895.64
5	6	1178.99
5	7	782.819
5	8	555.937
5	9	422.766
5	10	343.488
5	11	296.236
5	12	268.58
5	13	253.24
5	14	245.848
5	15	243.727
5	16	245.207
5	17	249.229
5	18	255.104
5	19	262.366
5	20	270.679
5	21	279.775
5	22	289.42
5	23	299.385
5	24	309.447
5	25	319.385
5	26	328.99
5	27	338.074
5	28	346.487
5	29	354.12
5	30	360.91
5	31	366.839
5	32	371.927
5	33	376.227
5	34	379.81
5	35	382.76
5	36	385.163
5	37	387.103
5	38	388.659
5	39	389.897
5	40	390.878
5	41	391.651
5	42	392.257
5	43	392.73
5	44	393.098
5	45	393.383
5	46	393.603
5	47	393.77
5	48	393.898
5	49	393.994
5	50	394.065
6	0	445873
6	1	66493.6
6	2	4.56537
6	3	5506.21
6	4	2805.27
6	5	1569.36
6	6	955.918
6	7	633.637
6	8	457.429
6	9	358.637
6	10	302.717
6	11	271.393
6	12	254.594
6	13	246.575
6	14	243.977
6	15	244.794
6	16	247.814
6	17	252.299
6	18	257.803
6	19	264.052
6	20	270.881
6	21	278.179
6	22	285.864
6	23	293.857
6	24	302.072
6	25	310.404
6	26	318.736
6	27	326.936
6	28	334.869
6	29	342.411
6	30	349.452
6	31	355.908
6	32	361.727
6	33	366.886
6	34	371.39
6	35	375.269
6	36	378.568
6	37	381.344
6	38	383.66
6	39	385.576
6	40	387.153
6	41	388.444
6	42	389.497
6	43	390.354
6	44	391.051
6	45	391.616
6	46	392.075
6	47	392.447
6	48	392.749
6	49	392.995
6	50	393.195
7	0	563432
7	1	39158.9
7	2	102266
7	3	5364.52
7	4	2621.61
7	5	1430.41
7	6	862.368
7	7	573.819
7	8	421.112
7	9	338.548
7	10	293.908
7	11	270.496
7	12	259.266
7	13	255.147
7	14	255.216
7	15	257.76
7	16	261.763
7	17	266.621
7	18	271.985
7	19	277.653
7	20	283.522
7	21	289.539
7	22	295.684
7	23	301.947
7	24	308.315
7	25	314.769
7	26	321.272
7	27	327.769
7	28	334.193
7	29	340.463
7	30	346.498
7	31	352.217
7	32	357.555
7	33	362.459
7	34	366.898
7	35	370.859
7	36	374.348
7	37	377.385
7	38	380.003
7	39	382.239
7	40	384.136
7	41	385.735
7	42	387.077
7	43	388.201
7	44	389.139
7	45	389.922
7	46	390.574
7	47	391.119
7	48	391.573
7	49	391.954
7	50	392.272
8	0	41939.8
8	1	10024.8
8	2	14254.1
8	3	5747.28
8	4	2721.98
8	5	1452.39
8	6	862.03
8	7	568.782
8	8	417.253
8	9	337.721
8	10	296.492
8	11	276.312
8	12	267.94
8	13	266.251
8	14	268.325
8	15	272.468
8	16	277.689
8	17	283.41
8	18	289.299
8	19	295.173
8	20	300.942
8	21	306.568
8	22	312.047
8	23	317.392
8	24	322.622
8	25	327.752
8	26	332.793
8	27	337.745
8	28	342.595
8	29	347.32
8	30	351.889
8	31	356.264
8	32	360.408
8	33	364.286
8	34	367.872
8	35	371.148
8	36	374.107
8	37	376.75
8	38	379.089
8	39	381.142
8	40	382.93
8	41	384.479
8	42	385.815
8	43	386.963
8	44	387.947
8	45	388.789
8	46	389.51
8	47	390.127
8	48	390.656
8	49	391.108
8	50	391.497
9	0	14483.2
9	1	9540.01
9	2	17598.2
9	3	6932.24
9	4	3222.25
9	5	1682.26
9	6	971.005
9	7	619.9
9	8	439.932
9	9	346.636
9	10	299.278
9	11	277.028
9	12	268.742
9	13	268.246
9	14	272.027
9	15	278.053
9	16	285.135
9	17	292.58
9	18	299.988
9	19	307.137
9	20	313.915
9	21	320.273
9	22	326.204
9	23	331.721
9	24	336.852
9	25	341.628
9	26	346.082
9	27	350.242
9	28	354.135
9	29	357.778
9	30	361.186
9	31	364.368
9	32	367.329
9	33	370.073
9	34	372.602
9	35	374.919
9	36	377.03
9	37	378.941
9	38	380.662
9	39	382.203
9	40	383.578
9	41	384.8
9	42	385.883
9	43	386.84
9	44	387.684
9	45	388.429
9	46	389.085
9	47	389.663
9	48	390.172
9	49	390.62
9	50	391.016
10	0	1773070
10	1	87540.5
10	2	24382.4
10	3	9611.86
10	4	4485.24
10	5	2329.26
10	6	1314.34
10	7	801.974
10	8	532.46
10	9	388.26
10	10	311.835
10	11	273.278
10	12	256.31
10	13	251.742
10	14	254.245
10	15	260.666
10	16	269.111
10	17	278.441
10	18	287.97
10	19	297.292
10	20	306.176
10	21	314.498
10	22	322.204
10	23	329.281
10	24	335.742
10	25	341.614
10	26	346.933
10	27	351.739
10	28	356.073
10	29	359.976
10	30	363.487
10	31	366.642
10	32	369.477
10	33	372.022
10	34	374.306
10	35	376.355
10	36	378.194
10	37	379.844
10	38	381.324
10	39	382.651
10	40	383.842
10	41	384.909
10	42	385.867
10	43	386.726
10	44	387.495
10	45	388.186
10	46	388.804
10	47	389.359
10	48	389.856
10	49	390.301
10	50	390.7
11	0	576.701
11	1	138261
11	2	38139.4
11	3	15224.2
11	4	7266.91
11	5	3856.29
11	6	2200.24
11	7	1329.38
11	8	847.042
11	9	571.21
11	10	411.074
11	11	318.326
11	12	265.953
11	13	238.245
11	14	225.775
11	15	222.742
11	16	225.513
11	17	231.776
11	18	240.051
11	19	249.386
11	20	259.171
11	21	269.019
11	22	278.689
11	23	288.036
11	24	296.977
11	25	305.47
11	26	313.496
11	27	321.05
11	28	328.132
11	29	334.747
11	30	340.898
11	31	346.589
11	32	351.826
11	33	356.614
11	34	360.964
11	35	364.89
11	36	368.412
11	37	371.553
11	38	374.338
11	39	376.798
11	40	378.96
11	41	380.855
11	42	382.513
11	43	383.959
11	44	385.22
11	45	386.318
11	46	387.275
11	47	388.108
11	48	388.835
11	49	389.468
11	50	390.021
12	0	2324490
12	1	152668
12	2	49823.5
12	3	22750.4
12	4	11784.4
12	5	6600.68
12	6	3937.97
12	7	2468.52
12	8	1611.54
12	9	1090.74
12	10	764.591
12	11	556.019
12	12	420.921
12	13	333.006
12	14	276.067
12	15	239.832
12	16	217.639
12	17	205.087
12	18	199.223
12	19	198.047
12	20	200.187
12	21	204.701
12	22	210.937
12	23	218.439
12	24	226.888
12	25	236.053
12	26	245.755
12	27	255.848
12	28	266.197
12	29	276.668
12	30	287.119
12	31	297.407
12	32	307.386
12	33	316.924
12	34	325.905
12	35	334.245
12	36	341.885
12	37	348.799
12	38	354.988
12	39	360.473
12	40	365.293
12	41	369.495
12	42	373.135
12	43	376.271
12	44	378.958
12	45	381.251
12	46	383.202
12	47	384.857
12	48	386.259
12	49	387.443
12	50	388.443
13	0	2259270
13	1	149453
13	2	47342.1
13	3	21974.3
13	4	12382
13	5	7668.22
13	6	5037.01
13	7	3445.94
13	8	2432.32
13	9	1762.83
13	10	1308.56
13	11	993.663
13	12	771.524
13	13	612.535
13	14	497.393
13	15	413.238
13	16	351.338
13	17	305.676
13	18	272.047
13	19	247.488
13	20	229.893
13	21	217.761
13	22	210.016
13	23	205.889
13	24	204.821
13	25	206.394
13	26	210.279
13	27	216.194
13	28	223.867
13	29	233.022
13	30	243.364
13	31	254.576
13	32	266.333
13	33	278.311
13	34	290.207
13	35	301.757
13	36	312.746
13	37	323.012
13	38	332.451
13	39	341.007
13	40	348.664
13	41	355.442
13	42	361.381
13	43	366.541
13	44	370.986
13	45	374.79
13	46	378.023
13	47	380.756
13	48	383.054
13	49	384.976
13	50	386.579
14	0	2027830
14	1	146884
14	2	48103.9
14	3	22172.9
14	4	12657.5
14	5	8057.16
14	6	5486.46
14	7	3917.18
14	8	2898.43
14	9	2206.99
14	10	1721.76
14	11	1372.25
14	12	1115.12
14	13	922.614
14	14	776.297
14	15	663.628
14	16	575.869
14	17	506.822
14	18	452.028
14	19	408.235
14	20	373.057
14	21	344.735
14	22	321.973
14	23	303.825
14	24	289.611
14	25	278.854
14	26	271.222
14	27	266.477
14	28	264.421
14	29	264.852
14	30	267.534
14	31	272.178
14	32	278.45
14	33	285.983
14	34	294.404
14	35	303.351
14	36	312.495
14	37	321.552
14	38	330.294
14	39	338.547
14	40	346.191
14	41	353.154
14	42	359.404
14	43	364.939
14	44	369.783
14	45	373.976
14	46	377.57
14	47	380.62
14	48	383.186
14	49	385.328
14	50	387.102
15	0	1476940
15	1	134964
15	2	50117.9
15	3	24496.9
15	4	14265.6
15	5	9200.11
15	6	6354.07
15	7	4613.2
15	8	3479.84
15	9	2706.56
15	10	2159.56
15	11	1761.4
15	12	1464.78
15	13	1239.5
15	14	1065.58
15	15	929.386
15	16	821.395
15	17	734.807
15	18	664.683
15	19	607.377
15	20	560.167
15	21	520.994
15	22	488.293
15	23	460.867
15	24	437.8
15	25	418.396
15	26	402.134
15	27	388.633
15	28	377.617
15	29	368.891
15	30	362.305
15	31	357.721
15	32	354.982
15	33	353.895
15	34	354.229
15	35	355.723
15	36	358.106
15	37	361.114
15	38	364.505
15	39	368.071
15	40	371.641
15	41	375.083
15	42	378.301
15	43	381.234
15	44	383.846
15	45	386.125
15	46	388.074
15	47	389.712
15	48	391.062
15	49	392.155
15	50	393.023
16	0	6151.01
16	1	119756
16	2	52444.2
16	3	28331
16	4	17196.6
16	5	11306
16	6	7886.82
16	7	5760.26
16	8	4364.88
16	9	3409.48
16	10	2732.5
16	11	2239.13
16	12	1871.06
16	13	1591.02
16	14	1374.34
16	15	1204.23
16	16	1068.96
16	17	960.168
16	18	871.793
16	19	799.349
16	20	739.474
16	21	689.617
16	22	647.82
16	23	612.559
16	24	582.644
16	25	557.132
16	26	535.272
16	27	516.464
16	28	500.225
16	29	486.164
16	30	473.967
16	31	463.383
16	32	454.207
16	33	446.274
16	34	439.446
16	35	433.604
16	36	428.635
16	37	424.431
16	38	420.886
16	39	417.896
16	40	415.364
16	41	413.201
16	42	411.333
16	43	409.699
16	44	408.249
16	45	406.948
16	46	405.769
16	47	404.695
16	48	403.713
16	49	402.813
16	50	401.988
17	0	551670
17	1	96186.2
17	2	46812.8
17	3	26992.8
17	4	17085.2
17	5	11524.4
17	6	8155.24
17	7	5995.92
17	8	4550.06
17	9	3547.09
17	10	2830.72
17	11	2306.35
17	12	1914.41
17	13	1616.12
17	14	1385.52
17	15	1204.76
17	16	1061.31
17	17	946.207
17	18	852.919
17	19	776.618
17	20	713.684
17	21	661.372
17	22	617.577
17	23	580.668
17	24	549.375
17	25	522.699
17	26	499.857
17	27	480.233
17	28	463.346
17	29	448.828
17	30	436.403
17	31	425.869
17	32	417.079
17	33	409.918
17	34	404.281
17	35	400.054
17	36	397.098
17	37	395.243
17	38	394.3
17	39	394.068
17	40	394.352
17	41	394.972
17	42	395.772
17	43	396.628
17	44	397.444
17	45	398.155
17	46	398.723
17	47	399.13
17	48	399.378
17	49	399.48
17	50	399.459
18	0	329061
18	1	64659.6
18	2	32407.3
18	3	19034.4
18	4	12245.1
18	5	8375.84
18	6	5991.87
18	7	4437.78
18	8	3380.77
18	9	2637.79
18	10	2101.65
18	11	1706.41
18	12	1409.78
18	13	1183.76
18	14	1009.26
18	15	872.975
18	16	765.454
18	17	679.846
18	18	611.127
18	19	555.559
18	20	510.335
18	21	473.324
18	22	442.897
18	23	417.804
18	24	397.077
18	25	379.971
18	26	365.908
18	27	354.444
18	28	345.24
18	29	338.035
18	30	332.635
18	31	328.885
18	32	326.663
18	33	325.859
18	34	326.366
18	35	328.063
18	36	330.809
18	37	334.438
18	38	338.761
18	39	343.577
18	40	348.681
18	41	353.883
18	42	359.014
18	43	363.938
18	44	368.552
18	45	372.783
18	46	376.59
18	47	379.955
18	48	382.881
18	49	385.384
18	50	387.492
19	0	965.084
19	1	42659.7
19	2	22134.9
19	3	13416
19	4	8866.14
19	5	6189.83
19	6	4491.39
19	7	3356.99
19	8	2571.37
19	9	2012.51
19	10	1606.69
19	11	1307.13
19	12	1083.09
19	13	913.667
19	14	784.378
19	15	684.946
19	16	607.972
19	17	548.053
19	18	501.194
19	19	464.416
19	20	435.474
19	21	412.667
19	22	394.696
19	23	380.565
19	24	369.506
19	25	360.927
19	26	354.367
19	27	349.469
19	28	345.954
19	29	343.604
19	30	342.246
19	31	341.745
19	32	341.99
19	33	342.886
19	34	344.355
19	35	346.321
19	36	348.715
19	37	351.461
19	38	354.486
19	39	357.71
19	40	361.049
19	41	364.423
19	42	367.754
19	43	370.972
19	44	374.02
19	45	376.854
19	46	379.446
19	47	381.78
19	48	383.851
19	49	385.665
19	50	387.233
20	0	93194.3
20	1	35828.2
20	2	19251.2
20	3	11903.7
20	4	7943.11
20	5	5562.63
20	6	4032.94
20	7	3005.58
20	8	2293.91
20	9	1789.66
20	10	1426.21
20	11	1160.77
20	12	964.896
20	13	819.191
20	14	710.121
20	15	628.088
20	16	566.177
20	17	519.351
20	18	483.899
20	19	457.062
20	20	436.778
20	21	421.491
20	22	410.025
20	23	401.483
20	24	395.183
20	25	390.6
20	26	387.332
20	27	385.072
20	28	383.581
20	29	382.677
20	30	382.217
20	31	382.094
20	32	382.224
20	33	382.542
20	34	382.998
20	35	383.552
20	36	384.175
20	37	384.841
20	38	385.532
20	39	386.231
20	40	386.926
20	41	387.605
20	42	388.259
20	43	388.881
20	44	389.465
20	45	390.008
20	46	390.506
20	47	390.959
20	48	391.366
20	49	391.73
20	50	392.051
21	0	73580.1
21	1	31528.8
21	2	18403.6
21	3	11863.8
21	4	8077.2
21	5	5707.7
21	6	4150.66
21	7	3092.17
21	8	2354.42
21	9	1830.35
21	10	1452.53
21	11	1176.97
21	12	974.12
21	13	823.726
21	14	711.603
21	15	627.674
21	16	564.68
21	17	517.33
21	18	481.735
21	19	455.008
21	20	434.994
21	21	420.071
21	22	409.016
21	23	400.9
21	24	395.016
21	25	390.825
21	26	387.914
21	27	385.967
21	28	384.743
21	29	384.056
21	30	383.765
21	31	383.762
21	32	383.964
21	33	384.309
21	34	384.749
21	35	385.251
21	36	385.787
21	37	386.338
21	38	386.889
21	39	387.432
21	40	387.959
21	41	388.463
21	42	388.944
21	43	389.397
21	44	389.822
21	45	390.218
21	46	390.586
21	47	390.925
21	48	391.237
21	49	391.522
21	50	391.783
22	0	103656
22	1	43421.4
22	2	24592.9
22	3	15454.2
22	4	10291.1
22	5	7130.68
22	6	5094.44
22	7	3734.14
22	8	2800.42
22	9	2145.88
22	10	1679.32
22	11	1342.27
22	12	1096.12
22	13	914.782
22	14	780.247
22	15	679.89
22	16	604.717
22	17	548.248
22	18	505.757
22	19	473.768
22	20	449.705
22	21	431.642
22	22	418.132
22	23	408.083
22	24	400.666
22	25	395.251
22	26	391.356
22	27	388.614
22	28	386.742
22	29	385.526
22	30	384.8
22	31	384.437
22	32	384.342
22	33	384.443
22	34	384.684
22	35	385.024
22	36	385.435
22	37	385.895
22	38	386.39
22	39	386.908
22	40	387.442
22	41	387.987
22	42	388.535
22	43	389.078
22	44	389.607
22	45	390.112
22	46	390.585
22	47	391.019
22	48	391.409
22	49	391.756
22	50	392.06
23	0	5443.15
23	1	1381.16
23	2	33552.2
23	3	19650.1
23	4	12336.6
23	5	8123.9
23	6	5545.93
23	7	3898.46
23	8	2810.94
23	9	2074.96
23	10	1567.18
23	11	1211.55
23	12	959.591
23	13	779.548
23	14	650.131
23	15	556.787
23	16	489.396
23	17	440.825
23	18	405.985
23	19	381.204
23	20	363.814
23	21	351.86
23	22	343.902
23	23	338.875
23	24	335.989
23	25	334.658
23	26	334.446
23	27	335.031
23	28	336.177
23	29	337.711
23	30	339.512
23	31	341.494
23	32	343.6
23	33	345.795
23	34	348.058
23	35	350.38
23	36	352.757
23	37	355.185
23	38	357.661
23	39	360.177
23	40	362.722
23	41	365.275
23	42	367.814
23	43	370.312
23	44	372.742
23	45	375.076
23	46	377.29
23	47	379.363
23	48	381.279
23	49	383.028
23	50	384.605
24	0	2251.47
24	1	65224.3
24	2	33035.1
24	3	18925.4
24	4	11656.4
24	5	7543.19
24	6	5065.95
24	7	3506.26
24	8	2491.49
24	9	1814.77
24	10	1355.02
24	11	1038.36
24	12	818.154
24	13	664.124
24	14	556.144
24	15	480.571
24	16	428.001
24	17	391.86
24	18	367.501
24	19	351.601
24	20	341.771
24	21	336.278
24	22	333.862
24	23	333.602
24	24	334.825
24	25	337.04
24	26	339.886
24	27	343.105
24	28	346.508
24	29	349.961
24	30	353.37
24	31	356.673
24	32	359.826
24	33	362.804
24	34	365.593
24	35	368.186
24	36	370.585
24	37	372.794
24	38	374.821
24	39	376.674
24	40	378.365
24	41	379.903
24	42	381.301
24	43	382.569
24	44	383.718
24	45	384.758
24	46	385.698
24	47	386.547
24	48	387.313
24	49	388.005
24	50	388.628
25	0	190810
25	1	72129.1
25	2	37141
25	3	21623.6
25	4	13535.7
25	5	8904.28
25	6	6079.39
25	7	4276.11
25	8	3084.69
25	9	2276.2
25	10	1715.8
25	11	1320.71
25	12	1038.35
25	13	834.335
25	14	685.65
25	15	576.575
25	16	496.183
25	17	436.762
25	18	392.8
25	19	360.316
25	20	336.403
25	21	318.923
25	22	306.294
25	23	297.337
25	24	291.169
25	25	287.127
25	26	284.713
25	27	283.55
25	28	283.351
25	29	283.899
25	30	285.026
25	31	286.598
25	32	288.504
25	33	290.641
25	34	292.891
25	35	295.057
25	36	296.509
25	37	295.381
25	38	294.799
25	39	296.152
25	40	299.415
25	41	304.28
25	42	310.374
25	43	317.32
25	44	324.772
25	45	332.424
25	46	340.013
25	47	347.316
25	48	354.146
25	49	360.335
25	50	365.724
26	0	202118
26	1	80312.8
26	2	43470.2
26	3	26518.1
26	4	17370.2
26	5	11953.9
26	6	8539.56
26	7	6286.15
26	8	4745.33
26	9	3661.48
26	10	2881.1
26	11	2308.1
26	12	1880.23
26	13	1556.04
26	14	1307.19
26	15	1113.96
26	16	962.315
26	17	842.159
26	18	746.093
26	19	668.638
26	20	605.688
26	21	554.14
26	22	511.623
26	23	476.316
26	24	446.815
26	25	422.031
26	26	401.13
26	27	383.471
26	28	368.58
26	29	356.113
26	30	345.834
26	31	337.582
26	32	331.243
26	33	326.713
26	34	323.876
26	35	322.587
26	36	322.674
26	37	323.944
26	38	326.197
26	39	329.238
26	40	332.879
26	41	336.949
26	42	341.294
26	43	345.776
26	44	350.277
26	45	354.695
26	46	358.948
26	47	362.975
26	48	366.734
26	49	370.198
26	50	373.355
27	0	177945
27	1	70369.2
27	2	38737.1
27	3	24109.3
27	4	16127.9
27	5	11340.8
27	6	8282.04
27	7	6235.35
27	8	4816.28
27	9	3803.95
27	10	3064.61
27	11	2513.84
27	12	2096.48
27	13	1775.49
27	14	1525.36
27	15	1328.15
27	16	1171
27	17	1044.58
27	18	941.982
27	19	858.045
27	20	788.865
27	21	731.455
27	22	683.509
27	23	643.23
27	24	609.206
27	25	580.317
27	26	555.671
27	27	534.551
27	28	516.374
27	29	500.67
27	30	487.051
27	31	475.197
27	32	464.846
27	33	455.776
27	34	447.806
27	35	440.783
27	36	434.58
27	37	429.091
27	38	424.233
27	39	419.939
27	40	416.159
27	41	412.859
27	42	410.014
27	43	407.607
27	44	405.621
27	45	404.028
27	46	402.791
27	47	401.859
27	48	401.171
27	49	400.666
27	50	400.285
28	0	139966
28	1	57156.1
28	2	31531.3
28	3	19478.1
28	4	12878.4
28	5	8930.92
28	6	6424.41
28	7	4761.55
28	8	3620.37
28	9	2815.68
28	10	2235.44
28	11	1809.12
28	12	1490.81
28	13	1249.8
28	14	1065.05
28	15	921.868
28	16	809.794
28	17	721.279
28	18	650.792
28	19	594.236
28	20	548.537
28	21	511.372
28	22	480.965
28	23	455.949
28	24	435.263
28	25	418.08
28	26	403.748
28	27	391.754
28	28	381.687
28	29	373.222
28	30	366.096
28	31	360.099
28	32	355.061
28	33	350.843
28	34	347.336
28	35	344.454
28	36	342.132
28	37	340.334
28	38	339.058
28	39	338.353
28	40	338.332
28	41	339.132
28	42	340.836
28	43	343.404
28	44	346.694
28	45	350.513
28	46	354.656
28	47	358.932
28	48	363.181
28	49	367.278
28	50	371.128
29	0	103398
29	1	42343.6
29	2	23083.4
29	3	13959.3
29	4	8984.77
29	5	6043.47
29	6	4207.19
29	7	3014.87
29	8	2217.39
29	9	1671.65
29	10	1291.41
29	11	1022.72
29	12	830.75
29	13	692.455
29	14	592.228
29	15	519.316
29	16	466.192
29	17	427.514
29	18	399.449
29	19	379.218
29	20	364.79
29	21	354.671
29	22	347.755
29	23	343.218
29	24	340.447
29	25	338.984
29	26	338.484
29	27	338.691
29	28	339.413
29	29	340.507
29	30	341.869
29	31	343.419
29	32	345.104
29	33	346.883
29	34	348.729
29	35	350.625
29	36	352.559
29	37	354.527
29	38	356.525
29	39	358.553
29	40	360.613
29	41	362.704
29	42	364.824
29	43	366.966
29	44	369.121
29	45	371.274
29	46	373.406
29	47	375.493
29	48	377.511
29	49	379.438
29	50	381.252
30	0	77547.6
30	1	33932.1
30	2	18763.6
30	3	11363
30	4	7278.8
30	5	4855.08
30	6	3344.58
30	7	2369.55
30	8	1723.58
30	9	1287.26
30	10	988.341
30	11	781.527
30	12	637.588
30	13	537.2
30	14	467.323
30	15	419.011
30	16	386.037
30	17	364.014
30	18	349.821
30	19	341.221
30	20	336.596
30	21	334.775
30	22	334.906
30	23	336.368
30	24	338.709
30	25	341.599
30	26	344.803
30	27	348.149
30	28	351.519
30	29	354.827
30	30	358.018
30	31	361.056
30	32	363.917
30	33	366.592
30	34	369.077
30	35	371.373
30	36	373.486
30	37	375.424
30	38	377.196
30	39	378.814
30	40	380.287
30	41	381.626
30	42	382.843
30	43	383.947
30	44	384.948
30	45	385.854
30	46	386.675
30	47	387.418
30	48	388.089
30	49	388.696
30	50	389.244
31	0	63794.1
31	1	29169.7
31	2	16865.1
31	3	10608.4
31	4	7046.63
31	5	4875.51
31	6	3487.6
31	7	2568.44
31	8	1942.81
31	9	1507.64
31	10	1199.58
31	11	978.357
31	12	817.625
31	13	699.712
31	14	612.526
31	15	547.651
31	16	499.133
31	17	462.709
31	18	435.29
31	19	414.616
31	20	399.015
31	21	387.249
31	22	378.386
31	23	371.727
31	24	366.743
31	25	363.033
31	26	360.292
31	27	358.287
31	28	356.842
31	29	355.825
31	30	355.138
31	31	354.711
31	32	354.501
31	33	354.485
31	34	354.661
31	35	355.047
31	36	355.669
31	37	356.555
31	38	357.723
31	39	359.166
31	40	360.859
31	41	362.756
31	42	364.806
31	43	366.953
31	44	369.143
31	45	371.328
31	46	373.468
31	47	375.528
31	48	377.485
31	49	379.318
31	50	381.017
32	0	55521.7
32	1	28523.9
32	2	17092.8
32	3	11105.7
32	4	7625.28
32	5	5460.97
32	6	4048.02
32	7	3090.54
32	8	2422.08
32	9	1943.84
32	10	1594.58
32	11	1334.97
32	12	1139.02
32	13	989.102
32	14	873.017
32	15	782.145
32	16	710.3
32	17	652.978
32	18	606.854
32	19	569.446
32	20	538.879
32	21	513.723
32	22	492.878
32	23	475.489
32	24	460.885
32	25	448.538
32	26	438.025
32	27	429.005
32	28	421.2
32	29	414.379
32	30	408.34
32	31	402.904
32	32	397.897
32	33	393.137
32	34	388.476
32	35	384.015
32	36	380.177
32	37	377.264
32	38	375.318
32	39	374.25
32	40	373.92
32	41	374.18
32	42	374.895
32	43	375.942
32	44	377.216
32	45	378.631
32	46	380.116
32	47	381.613
32	48	383.079
32	49	384.481
32	50	385.794
33	0	51321.9
33	1	26304.9
33	2	15828.2
33	3	10349.1
33	4	7161.5
33	5	5175.02
33	6	3874.05
33	7	2988.87
33	8	2367.9
33	9	1921.17
33	10	1592.88
33	11	1347.2
33	12	1160.4
33	13	1016.36
33	14	903.907
33	15	815.119
33	16	744.3
33	17	687.287
33	18	640.997
33	19	603.117
33	20	571.895
33	21	545.987
33	22	524.355
33	23	506.189
33	24	490.851
33	25	477.837
33	26	466.744
33	27	457.247
33	28	449.085
33	29	442.044
33	30	435.951
33	31	430.661
33	32	426.055
33	33	422.036
33	34	418.519
33	35	415.437
33	36	412.73
33	37	410.351
33	38	408.256
33	39	406.411
33	40	404.787
33	41	403.358
33	42	402.105
33	43	401.011
33	44	400.066
33	45	399.264
33	46	398.605
33	47	398.087
33	48	397.702
33	49	397.423
33	50	397.219
34	0	37117.8
34	1	18600.4
34	2	10952.9
34	3	6994.82
34	4	4722.48
34	5	3329.49
34	6	2434.72
34	7	1839.29
34	8	1431.87
34	9	1146.77
34	10	943.531
34	11	796.406
34	12	688.508
34	13	608.5
34	14	548.613
34	15	503.426
34	16	469.096
34	17	442.864
34	18	422.724
34	19	407.203
34	20	395.207
34	21	385.922
34	22	378.732
34	23	373.172
34	24	368.889
34	25	365.612
34	26	363.133
34	27	361.295
34	28	359.973
34	29	359.073
34	30	358.524
34	31	358.268
34	32	358.263
34	33	358.477
34	34	358.884
34	35	359.466
34	36	360.209
34	37	361.101
34	38	362.137
34	39	363.309
34	40	364.614
34	41	366.048
34	42	367.605
34	43	369.276
34	44	371.044
34	45	372.888
34	46	374.777
34	47	376.676
34	48	378.551
34	49	380.367
34	50	382.096
35	0	27722.6
35	1	13410.9
35	2	7700.29
35	3	4813.72
35	4	3193.14
35	5	2221.84
35	6	1612.53
35	7	1217.22
35	8	954.132
35	9	775.601
35	10	652.643
35	11	567.034
35	12	506.984
35	13	464.685
35	14	434.864
35	15	413.896
35	16	399.257
35	17	389.163
35	18	382.345
35	19	377.89
35	20	375.138
35	21	373.606
35	22	372.943
35	23	372.892
35	24	373.264
35	25	373.922
35	26	374.763
35	27	375.715
35	28	376.724
35	29	377.754
35	30	378.779
35	31	379.779
35	32	380.745
35	33	381.668
35	34	382.546
35	35	383.377
35	36	384.161
35	37	384.9
35	38	385.595
35	39	386.25
35	40	386.866
35	41	387.446
35	42	387.992
35	43	388.504
35	44	388.986
35	45	389.437
35	46	389.858
35	47	390.251
35	48	390.617
35	49	390.954
35	50	391.266
36	0	25940.4
36	1	13370.8
36	2	8115.61
36	3	5354.92
36	4	3746.07
36	5	2743.8
36	6	2088.54
36	7	1643.93
36	8	1333.12
36	9	1110.42
36	10	947.519
36	11	826.2
36	12	734.43
36	13	664.045
36	14	609.39
36	15	566.469
36	16	532.414
36	17	505.134
36	18	483.084
36	19	465.11
36	20	450.339
36	21	438.104
36	22	427.891
36	23	419.299
36	24	412.016
36	25	405.794
36	26	400.44
36	27	395.799
36	28	391.754
36	29	388.216
36	30	385.13
36	31	382.471
36	32	380.251
36	33	378.503
36	34	377.256
36	35	376.511
36	36	376.231
36	37	376.353
36	38	376.801
36	39	377.499
36	40	378.379
36	41	379.382
36	42	380.457
36	43	381.565
36	44	382.674
36	45	383.76
36	46	384.804
36	47	385.794
36	48	386.721
36	49	387.579
36	50	388.367
37	0	19306.8
37	1	9824.5
37	2	6087.56
37	3	4108.21
37	4	2942.06
37	5	2207.54
37	6	1722.11
37	7	1389.2
37	8	1154.01
37	9	983.714
37	10	857.819
37	11	763.068
37	12	690.632
37	13	634.487
37	14	590.429
37	15	555.469
37	16	527.45
37	17	504.786
37	18	486.3
37	19	471.105
37	20	458.526
37	21	448.046
37	22	439.261
37	23	431.856
37	24	425.583
37	25	420.245
37	26	415.683
37	27	411.77
37	28	408.403
37	29	405.497
37	30	402.985
37	31	400.809
37	32	398.924
37	33	397.292
37	34	395.883
37	35	394.672
37	36	393.64
37	37	392.774
37	38	392.062
37	39	391.5
37	40	391.083
37	41	390.808
37	42	390.671
37	43	390.665
37	44	390.778
37	45	390.994
37	46	391.293
37	47	391.65
37	48	392.042
37	49	392.447
37	50	392.844
38	0	12018.9
38	1	6337.64
38	2	3863.56
38	3	2570.97
38	4	1826.84
38	5	1370.28
38	6	1076.96
38	7	881.793
38	8	748.282
38	9	654.876
38	10	588.305
38	11	540.117
38	12	504.777
38	13	478.566
38	14	458.938
38	15	444.116
38	16	432.843
38	17	424.214
38	18	417.573
38	19	412.436
38	20	408.447
38	21	405.337
38	22	402.905
38	23	400.998
38	24	399.499
38	25	398.319
38	26	397.389
38	27	396.656
38	28	396.078
38	29	395.623
38	30	395.265
38	31	394.985
38	32	394.767
38	33	394.599
38	34	394.471
38	35	394.375
38	36	394.305
38	37	394.256
38	38	394.224
38	39	394.206
38	40	394.198
38	41	394.198
38	42	394.204
38	43	394.215
38	44	394.228
38	45	394.243
38	46	394.258
38	47	394.272
38	48	394.285
38	49	394.295
38	50	394.303
39	0	10914.9
39	1	5873.63
39	2	3684.76
39	3	2530.64
39	4	1855.73
39	5	1433.07
39	6	1154.79
39	7	964.362
39	8	829.931
39	9	732.565
39	10	660.497
39	11	606.151
39	12	564.498
39	13	532.113
39	14	506.609
39	15	486.292
39	16	469.939
39	17	456.65
39	18	445.758
39	19	436.759
39	20	429.269
39	21	422.991
39	22	417.696
39	23	413.204
39	24	409.371
39	25	406.083
39	26	403.249
39	27	400.794
39	28	398.659
39	29	396.792
39	30	395.152
39	31	393.7
39	32	392.396
39	33	391.187
39	34	390.096
39	35	389.301
39	36	388.823
39	37	388.61
39	38	388.603
39	39	388.748
39	40	389.001
39	41	389.326
39	42	389.694
39	43	390.083
39	44	390.476
39	45	390.859
39	46	391.225
39	47	391.567
39	48	391.882
39	49	392.169
39	50	392.426
40	0	9729.72
40	1	5245.66
40	2	3319.55
40	3	2307.23
40	4	1715.05
40	5	1343.18
40	6	1097.22
40	7	927.907
40	8	807.536
40	9	719.656
40	10	654.043
40	11	604.105
40	12	565.457
40	13	535.105
40	14	510.955
40	15	491.517
40	16	475.707
40	17	462.726
40	18	451.976
40	19	443.004
40	20	435.461
40	21	429.078
40	22	423.643
40	23	418.988
40	24	414.98
40	25	411.512
40	26	408.497
40	27	405.864
40	28	403.557
40	29	401.531
40	30	399.749
40	31	398.184
40	32	396.815
40	33	395.628
40	34	394.611
40	35	393.759
40	36	393.066
40	37	392.525
40	38	392.131
40	39	391.876
40	40	391.748
40	41	391.735
40	42	391.823
40	43	391.993
40	44	392.226
40	45	392.504
40	46	392.807
40	47	393.119
40	48	393.425
40	49	393.714
40	50	393.976
41	0	6548.16
41	1	3244.7
41	2	2048.21
41	3	1441.19
41	4	1094.75
41	5	882.102
41	6	744.64
41	7	652.203
41	8	588.06
41	9	542.39
41	10	509.161
41	11	484.534
41	12	465.985
41	13	451.816
41	14	440.855
41	15	432.28
41	16	425.502
41	17	420.094
41	18	415.742
41	19	412.212
41	20	409.328
41	21	406.955
41	22	404.992
41	23	403.356
41	24	401.988
41	25	400.837
41	26	399.864
41	27	399.039
41	28	398.336
41	29	397.736
41	30	397.222
41	31	396.78
41	32	396.401
41	33	396.074
41	34	395.793
41	35	395.551
41	36	395.342
41	37	395.162
41	38	395.008
41	39	394.876
41	40	394.763
41	41	394.667
41	42	394.585
41	43	394.516
41	44	394.457
41	45	394.407
41	46	394.365
41	47	394.33
41	48	394.301
41	49	394.276
41	50	394.255
42	0	5979.92
42	1	3506.23
42	2	2353.74
42	3	1722.23
42	4	1340.95
42	5	1094.87
42	6	927.995
42	7	810.377
42	8	724.862
42	9	661.072
42	10	612.449
42	11	574.697
42	12	544.915
42	13	521.093
42	14	501.805
42	15	486.019
42	16	472.978
42	17	462.111
42	18	452.989
42	19	445.279
42	20	438.723
42	21	433.119
42	22	428.304
42	23	424.15
42	24	420.551
42	25	417.422
42	26	414.693
42	27	414.526
42	28	4448.69
42	29	408.367
42	30	406.741
42	31	405.303
42	32	503.293
42	33	399.545
42	34	398.577
42	35	397.821
42	36	397.232
42	37	396.774
42	38	396.416
42	39	396.137
42	40	395.918
42	41	395.745
42	42	395.607
42	43	395.496
42	44	395.403
42	45	395.324
42	46	395.254
42	47	395.191
42	48	395.13
42	49	395.072
42	50	395.013
43	0	5016.15
43	1	2908.08
43	2	1941.07
43	3	1419.61
43	4	1109.99
43	5	913.526
43	6	782.516
43	7	691.687
43	8	626.698
43	9	578.961
43	10	543.11
43	11	515.666
43	12	494.307
43	13	477.44
43	14	463.948
43	15	453.032
43	16	444.109
43	17	436.749
43	18	430.627
43	19	425.497
43	20	421.169
43	21	417.496
43	22	414.361
43	23	411.671
43	24	409.352
43	25	407.345
43	26	405.601
43	27	404.079
43	28	402.749
43	29	401.583
43	30	400.562
43	31	399.669
43	32	398.893
43	33	398.225
43	34	397.656
43	35	397.179
43	36	396.786
43	37	396.468
43	38	396.217
43	39	396.021
43	40	395.873
43	41	395.762
43	42	395.679
43	43	395.617
43	44	395.568
43	45	395.525
43	46	395.483
43	47	395.433
43	48	395.368
43	49	395.278
43	50	395.181
44	0	4992.8
44	1	2746.66
44	2	1851.32
44	3	1368.91
44	4	1080.3
44	5	895.69
44	6	771.667
44	7	685.092
44	8	622.75
44	9	576.681
44	10	541.883
44	11	515.098
44	12	494.141
44	13	477.506
44	14	2845.36
44	15	1253.47
44	16	7361.81
44	17	473.446
44	18	4233.12
44	19	425.57
44	20	2591.11
44	21	2521.62
44	22	2251.66
44	23	537.609
44	24	408.956
44	25	404.353
44	26	402.179
44	27	400.511
44	28	399.238
44	29	398.273
44	30	398.134
44	31	397.016
44	32	396.739
44	33	396.254
44	34	395.87
44	35	395.567
44	36	395.995
44	37	395.137
44	38	394.986
44	39	394.865
44	40	394.769
44	41	394.691
44	42	394.627
44	43	394.575
44	44	394.532
44	45	394.496
44	46	394.465
44	47	394.438
44	48	394.414
44	49	394.392
44	50	394.372
45	0	4374.54
45	1	2740.38
45	2	3.07641
45	3	3300.17
45	4	3645.69
45	5	794.129
45	6	3159.95
45	7	5438.12
45	8	8620.59
45	9	28.5063
45	10	561.064
45	11	80.2518
45	12	156461
45	13	2896.44
45	14	1358.56
45	15	499.031
45	16	38111
45	17	269.716
45	18	910.207
45	19	4337.01
45	20	3632.98
45	21	3188.2
45	22	799.849
45	23	610.963
45	24	407.405
45	25	404.716
45	26	402.506
45	27	2676.38
45	28	399.278
45	29	398.146
45	30	617.876
45	31	396.599
45	32	396.101
45	33	395.74
45	34	395.49
45	35	395.326
45	36	395.229
45	37	395.182
45	38	395.172
45	39	395.188
45	40	395.221
45	41	395.266
45	42	395.315
45	43	395.364
45	44	395.411
45	45	395.453
45	46	395.487
45	47	395.513
45	48	395.528
45	49	395.53
45	50	395.46
46	0	4223.45
46	1	2600.01
46	2	1794.11
46	3	3307.57
46	4	8116.14
46	5	24238.6
46	6	1207.1
46	7	6346.81
46	8	669.517
46	9	570.619
46	10	395.273
46	11	2735.57
46	12	652.543
46	13	3304.01
46	14	7113.11
46	15	462.671
46	16	1561.08
46	17	6332.1
46	18	588.72
46	19	973.315
46	20	420.384
46	21	413.848
46	22	410.449
46	23	764.445
46	24	1985.82
46	25	403.674
46	26	8601.96
46	27	400.974
46	28	399.971
46	29	399.136
46	30	398.443
46	31	397.863
46	32	397.376
46	33	13242.4
46	34	396.618
46	35	396.323
46	36	396.071
46	37	395.855
46	38	395.669
46	39	395.508
46	40	395.508
46	41	395.247
46	42	395.141
46	43	395.048
46	44	394.965
46	45	394.892
46	46	394.826
46	47	394.768
46	48	394.715
46	49	394.667
46	50	394.623
47	0	161.395
47	1	2751.65
47	2	1951.32
47	3	1476.64
47	4	1176.82
47	5	977.97
47	6	840.782
47	7	742.991
47	8	671.311
47	9	617.458
47	10	576.086
47	11	543.69
47	12	517.963
47	13	497.319
47	14	480.614
47	15	466.998
47	16	455.828
47	17	446.612
47	18	438.968
47	19	432.597
47	20	427.265
47	21	427.635
47	22	423.325
47	23	419.611
47	24	416.412
47	25	413.652
47	26	411.266
47	27	409.199
47	28	407.404
47	29	405.842
47	30	404.478
47	31	403.286
47	32	402.241
47	33	401.323
47	34	400.516
47	35	399.804
47	36	399.177
47	37	398.622
47	38	398.131
47	39	397.695
47	40	397.31
47	41	396.967
47	42	396.662
47	43	396.391
47	44	396.15
47	45	395.935
47	46	395.744
47	47	395.573
47	48	395.421
47	49	395.285
47	50	395.163
48	0	3648.58
48	1	2348.64
48	2	1660.34
48	3	1259.57
48	4	1010.17
48	5	846.939
48	6	735.743
48	7	657.477
48	8	600.863
48	9	558.95
48	10	527.296
48	11	502.97
48	12	483.989
48	13	468.977
48	14	456.961
48	15	447.239
48	16	439.297
48	17	432.752
48	18	427.316
48	19	422.768
48	20	418.94
48	21	415.697
48	22	412.937
48	23	410.575
48	24	408.546
48	25	406.795
48	26	405.279
48	27	403.963
48	28	402.815
48	29	401.813
48	30	400.935
48	31	400.165
48	32	399.487
48	33	398.89
48	34	398.363
48	35	397.898
48	36	397.485
48	37	397.12
48	38	396.796
48	39	396.509
48	40	396.253
48	41	396.026
48	42	395.824
48	43	395.644
48	44	395.483
48	45	395.34
48	46	395.212
48	47	395.098
48	48	394.996
48	49	394.906
48	50	394.824
49	0	2735.7
49	1	1865.38
49	2	1382.11
49	3	1091.28
49	4	905.286
49	5	780.528
49	6	693.539
49	7	630.909
49	8	584.584
49	9	549.521
49	10	522.454
49	11	501.197
49	12	484.253
49	13	470.568
49	14	459.389
49	15	450.163
49	16	442.481
49	17	86699
49	18	1783.54
49	19	449.2
49	20	414.377
49	21	2168.27
49	22	5732.99
49	23	416.309
49	24	411.909
49	25	449.866
49	26	404.175
49	27	403.269
49	28	402.099
49	29	401.201
49	30	400.464
49	31	401.41
49	32	400.362
49	33	401.159
49	34	400.538
49	35	399.991
49	36	403.253
49	37	402.755
49	38	398.705
49	39	398.369
49	40	401.544
49	41	396.497
49	42	396.252
49	43	396.033
49	44	395.837
49	45	395.662
49	46	395.506
49	47	395.366
49	48	396.525
49	49	395.129
49	50	395.029
50	0	2620.09
50	1	1583.78
50	2	1128.09
50	3	884.59
50	4	740.228
50	5	648.492
50	6	587.099
50	7	544.297
50	8	513.441
50	9	490.564
50	10	473.195
50	11	459.738
50	12	449.126
50	13	440.63
50	14	433.737
50	15	428.079
50	16	423.387
50	17	419.463
50	18	416.154
50	19	413.346
50	20	410.947
50	21	408.888
50	22	407.111
50	23	405.572
50	24	404.234
50	25	403.067
50	26	402.047
50	27	401.151
50	28	400.364
50	29	399.671
50	30	399.06
50	31	398.519
50	32	398.041
50	33	397.617
50	34	397.241
50	35	396.908
50	36	396.611
50	37	396.347
50	38	396.112
50	39	395.903
50	40	395.716
50	41	395.55
50	42	395.402
50	43	395.269
50	44	395.151
50	45	395.045
50	46	394.951
50	47	394.866
50	48	394.791
50	49	394.723
50	50	394.663
